Date,Open,High,Low,Close,Volume
12/31/2008,8666.48,8842.66,8664.89,8776.39,0
12/30/2008,8487.51,8675.24,8487.51,8668.39,0
12/29/2008,8515.87,8530.68,8364.06,8483.93,0
12/26/2008,8468.71,8533.07,8461.78,8515.55,0
12/24/2008,8416.86,8498.5,8416.86,8468.48,0
12/23/2008,8518.65,8604.12,8391.3,8419.49,0
12/22/2008,8573.37,8601.41,8372.02,8519.77,0
12/19/2008,8606.5,8787.23,8550.43,8579.11,0
12/18/2008,8823.94,8883.36,8527.41,8604.99,0
12/17/2008,8921.91,8961.26,8778.07,8824.34,0
12/16/2008,8565.65,8958.79,8565.65,8924.14,0
12/15/2008,8628.81,8676.28,8469.03,8564.53,0
12/12/2008,8563.1,8682.57,8347.81,8629.68,0
12/11/2008,8750.13,8809.45,8512.76,8565.09,0
12/10/2008,8693,8879.22,8646.33,8761.42,0
12/09/2008,8934.1,8934.1,8651.74,8691.33,0
12/08/2008,8637.65,9026.41,8637.49,8934.18,0
12/05/2008,8376.08,8686.47,8118.5,8635.42,0
12/04/2008,8587.07,8631.99,8259.4,8376.24,0
12/03/2008,8409.14,8624.19,8234.15,8591.69,0
12/02/2008,8153.75,8437.17,8143.51,8419.09,0
12/01/2008,8826.89,8827.05,8141.36,8149.09,0
11/28/2008,8724.7,8831.35,8672.69,8829.04,0
11/26/2008,8464.49,8726.61,8311.17,8726.61,0
11/25/2008,8445.14,8607.38,8281.46,8479.47,0
11/24/2008,8048.09,8599.02,8048.09,8443.39,0
11/21/2008,7552.37,8071.75,7449.38,8046.42,0
11/20/2008,7995.53,8187.4,7506.97,7552.29,0
11/19/2008,8420.69,8504.64,7987.08,7997.28,0
11/18/2008,8273.34,8477.95,8105.44,8424.75,0
11/17/2008,8494.84,8571.3,8246.89,8273.58,0
11/14/2008,8822.19,8923.18,8469.99,8497.31,0
11/13/2008,8281.14,8876.59,7965.42,8835.25,0
11/12/2008,8684.52,8684.6,8265.29,8282.66,0
11/11/2008,8864.32,8867.91,8560.71,8693.96,0
11/10/2008,8946.6,9159.58,8760.46,8870.54,0
11/07/2008,8696.03,8961.57,8696.03,8943.81,0
11/06/2008,9134.01,9155.44,8637.17,8695.79,0
11/05/2008,9616.6,9616.6,9111.47,9139.27,0
11/04/2008,9323.89,9653.95,9323.89,9625.28,0
11/03/2008,9326.04,9410.55,9255.48,9319.83,0
10/31/2008,9179.09,9454.36,9119.2,9325.01,0
10/30/2008,9004.66,9266.47,8976.87,9180.69,0
10/29/2008,9062.33,9363.32,8890.29,8990.96,0
10/28/2008,8178.72,9082.08,8174.73,9065.12,0
10/27/2008,8375.92,8599.1,8143.59,8175.77,0
10/24/2008,8683.21,8683.21,8187.48,8378.95,0
10/23/2008,8519.77,8795.99,8243.55,8691.25,0
10/22/2008,9027.84,9027.84,8335.3,8519.21,0
10/21/2008,9262.8,9284.55,9004.27,9033.66,0
10/20/2008,8852.3,9266.63,8852.22,9265.43,0
10/17/2008,8975.35,9281.12,8718.25,8852.22,0
10/16/2008,8577.04,9013.27,8197.67,8979.26,0
10/15/2008,9301.91,9308.76,8530.12,8577.91,0
10/14/2008,9388.97,9794.37,9085.43,9310.99,0
10/13/2008,8462.42,9427.99,8462.18,9387.61,0
10/10/2008,8568.67,8901.28,7882.51,8451.19,0
10/09/2008,9261.69,9448.14,8579.19,8579.19,0
10/08/2008,9437.23,9628.07,9194.78,9258.1,0
10/07/2008,9955.42,10124.03,9436.67,9447.11,0
10/06/2008,10322.52,10322.76,9525.32,9955.5,0
10/03/2008,10483.96,10796.26,10310.25,10325.38,0
10/02/2008,10825.54,10825.54,10439.52,10482.85,0
10/01/2008,10847.4,10882.52,10631.95,10831.07,0
09/30/2008,10371.58,10868.9,10371.42,10850.66,0
09/29/2008,11139.62,11139.94,10365.45,10365.45,0
09/26/2008,11019.04,11168.06,10868.82,11143.13,0
09/25/2008,10827.17,11129.19,10827.01,11022.06,0
09/24/2008,10850.02,10928.4,10753.57,10825.17,0
09/23/2008,11015.69,11143.21,10833.94,10854.17,0
09/22/2008,11394.42,11394.58,10992.2,11015.69,0
09/19/2008,11027.51,11483.05,11026.7,11388.44,0
09/18/2008,10609.01,11076.44,10459.44,11019.69,0
09/17/2008,11056.58,11057.31,10595.9,10609.66,0
09/16/2008,10905.62,11093.22,10742.7,11059.02,0
09/15/2008,11416.37,11416.45,10917.51,10917.51,0
09/12/2008,11429.32,11459.93,11280.4,11421.99,0
09/11/2008,11264.44,11445.68,11098.67,11433.71,0
09/10/2008,11233.91,11380.63,11215.26,11268.92,0
09/09/2008,11514.73,11577.5,11230.73,11230.73,0
09/08/2008,11224.87,11570.66,11224.79,11510.74,0
09/05/2008,11185.63,11245.15,11037.85,11220.96,0
09/04/2008,11532.48,11532.48,11176.02,11188.23,0
09/03/2008,11506.01,11554.38,11416.53,11532.88,0
09/02/2008,11545.63,11790.17,11471.9,11516.92,0
08/29/2008,11713.23,11713.23,11543.39,11543.55,0
08/28/2008,11499.87,11715.18,11499.79,11715.18,0
08/27/2008,11412.46,11554.46,11381.77,11502.51,0
08/26/2008,11383.56,11436.24,11340.41,11412.87,0
08/25/2008,11626.19,11626.27,11362.63,11386.25,0
08/22/2008,11426.79,11632.13,11426.79,11628.06,0
08/21/2008,11415.23,11476.21,11315.57,11430.21,0
08/20/2008,11345.94,11454.15,11290.58,11417.43,0
08/19/2008,11478.09,11478.17,11318.5,11348.55,0
08/18/2008,11659.65,11690.43,11434.12,11479.39,0
08/15/2008,11611.21,11709.89,11599.73,11659.9,0
08/14/2008,11532.07,11718.28,11450.89,11615.93,0
08/13/2008,11632.81,11633.78,11453.34,11532.96,0
08/12/2008,11781.7,11782.35,11601.52,11642.47,0
08/11/2008,11729.67,11867.11,11675.53,11782.35,0
08/08/2008,11432.09,11759.96,11388.04,11734.32,0
08/07/2008,11655.42,11655.58,11416.7,11431.43,0
08/06/2008,11603.64,11685.46,11521.32,11656.07,0
08/05/2008,11286.02,11615.93,11286.02,11615.77,0
08/04/2008,11326.32,11382.17,11221.53,11284.15,0
08/01/2008,11379.89,11425.73,11267.05,11326.32,0
07/31/2008,11577.99,11578.89,11363.69,11378.02,0
07/30/2008,11397.56,11586.62,11397.56,11583.69,0
07/29/2008,11133.44,11398.38,11128.06,11397.56,0
07/28/2008,11369.47,11369.55,11125.13,11131.08,0
07/25/2008,11341.14,11443.81,11325.1,11370.69,0
07/24/2008,11630.34,11634.49,11345.37,11349.28,0
07/23/2008,11603.39,11698.17,11558.29,11632.38,0
07/22/2008,11457.9,11616.66,11387.39,11602.5,0
07/21/2008,11495.02,11559.67,11423.94,11467.34,0
07/18/2008,11436.56,11510.82,11381.93,11496.57,0
07/17/2008,11238.39,11446.66,11209.56,11446.66,0
07/16/2008,10961.89,11244.17,10918.33,11239.28,0
07/15/2008,11050.8,11123.67,10827.71,10962.54,0
07/14/2008,11103.64,11239.04,11003.65,11055.19,0
07/11/2008,11226.17,11241.07,10977.68,11100.54,0
07/10/2008,11148.01,11270.3,11086.95,11229.02,0
07/09/2008,11381.93,11418.24,11141.99,11147.44,0
07/08/2008,11225.03,11391.13,11174.88,11384.21,0
07/07/2008,11289.19,11399.11,11120.74,11231.96,0
07/03/2008,11216,11337.48,11157.21,11288.54,0
07/02/2008,11382.34,11434.12,11214.37,11215.51,0
07/01/2008,11344.64,11407.9,11183.43,11382.26,0
06/30/2008,11345.7,11437.3,11287.56,11350.01,0
06/27/2008,11452.85,11485.25,11297.99,11346.51,0
06/26/2008,11808.57,11808.73,11453.42,11453.42,0
06/25/2008,11805.31,11924.19,11789.36,11811.83,0
06/24/2008,11842.36,11904.32,11725.52,11807.43,0
06/23/2008,11843.83,11886.25,11814.6,11842.36,0
06/20/2008,12062.19,12062.19,11818.83,11842.69,0
06/19/2008,12022.54,12114.79,11978.33,12063.09,0
06/18/2008,12158.68,12158.68,11993.64,12029.06,0
06/17/2008,12269.65,12322.82,12150.29,12160.3,0
06/16/2008,12306.86,12319.72,12212.25,12269.08,0
06/13/2008,12144.59,12310.28,12144.59,12307.35,0
06/12/2008,12089.63,12269.24,12076.93,12141.58,0
06/11/2008,12286.34,12286.67,12079.13,12083.77,0
06/10/2008,12277.71,12369.23,12206.96,12289.76,0
06/09/2008,12210.13,12331.86,12195.32,12280.32,0
06/06/2008,12602.74,12603.07,12192.06,12209.81,0
06/05/2008,12388.81,12610.96,12388.81,12604.45,0
06/04/2008,12391.86,12496.16,12338.78,12390.48,0
06/03/2008,12503.2,12554.05,12342.12,12402.85,0
06/02/2008,12637.67,12638.08,12427.77,12503.82,0
05/30/2008,12647.36,12689.7,12617.4,12638.32,0
05/29/2008,12593.87,12726.66,12554.7,12646.22,0
05/28/2008,12542.9,12601.93,12495.27,12594.03,0
05/27/2008,12479.63,12572.53,12442.59,12548.35,0
05/23/2008,12620.9,12621.96,12460.09,12479.63,0
05/22/2008,12597.69,12669.34,12591.34,12625.62,0
05/21/2008,12824.94,12862.47,12573.67,12601.19,0
05/20/2008,13026.04,13026.04,12781.78,12828.68,0
05/19/2008,12985.41,13136.69,12963.76,13028.16,0
05/16/2008,12992.74,13001.94,12893.49,12986.8,0
05/15/2008,12891.29,12999.5,12854.98,12992.66,0
05/14/2008,12825.12,12993.15,12825.12,12898.38,0
05/13/2008,12872.08,12891.37,12780.97,12832.18,0
05/12/2008,12745.55,12904.16,12740.5,12876.31,0
05/09/2008,12860.68,12861.41,12715.02,12745.88,0
05/08/2008,12814.84,12909.86,12794.81,12866.78,0
05/07/2008,13010.82,13036.71,12796.19,12814.35,0
05/06/2008,12968.89,13046.15,12863.2,13020.83,0
05/05/2008,13056.57,13058.45,12939.74,12969.54,0
05/02/2008,13012.53,13132.46,12981.83,13058.2,0
05/01/2008,12818.34,13029.05,12793.1,13010,0
04/30/2008,12831.45,13010,12808.98,12820.13,0
04/29/2008,12870.37,12889.83,12804.66,12831.94,0
04/28/2008,12890.72,12938.76,12857.5,12871.75,0
04/25/2008,12848.38,12909.2,12742.78,12891.86,0
04/24/2008,12764.68,12942.26,12706.63,12848.95,0
04/23/2008,12721.45,12837.39,12703.05,12763.22,0
04/22/2008,12825.02,12825.26,12656.56,12720.23,0
04/21/2008,12850.91,12850.91,12751.17,12825.02,0
04/18/2008,12626.76,12893.98,12626.76,12849.36,0
04/17/2008,12617.4,12656.56,12563.25,12620.49,0
04/16/2008,12371.51,12625.78,12371.51,12619.27,0
04/15/2008,12303.6,12387.79,12269.81,12362.47,0
04/14/2008,12324.77,12367.6,12280.4,12302.06,0
04/11/2008,12579.78,12580.27,12302.06,12325.42,0
04/10/2008,12526.78,12649.31,12497.22,12581.98,0
04/09/2008,12574.65,12621.55,12468.97,12527.26,0
04/08/2008,12602.66,12607.3,12525.8,12576.44,0
04/07/2008,12612.59,12733.66,12583.28,12612.43,0
04/04/2008,12626.35,12688.48,12528.16,12609.42,0
04/03/2008,12604.69,12675.12,12527.75,12626.03,0
04/02/2008,12651.67,12696.29,12555.17,12605.83,0
04/01/2008,12266.64,12659.82,12266.47,12654.36,0
03/31/2008,12215.92,12326.47,12176.11,12262.89,0
03/28/2008,12303.92,12382.16,12196.87,12216.4,0
03/27/2008,12421.88,12476.76,12293.34,12302.46,0
03/26/2008,12531.79,12531.95,12376.7,12422.86,0
03/25/2008,12547.34,12571.84,12449.08,12532.6,0
03/24/2008,12361.97,12622.07,12361.97,12548.64,0
03/20/2008,12102.43,12378.74,12097.87,12361.32,0
03/19/2008,12391.52,12461.53,12095.1,12099.66,0
03/18/2008,11975.92,12392.66,11975.84,12392.66,0
03/17/2008,11946.45,12076.22,11756.6,11972.25,0
03/14/2008,12146.39,12193.61,11832.72,11951.09,0
03/13/2008,12096.49,12215.35,11875.78,12145.74,0
03/12/2008,12148.61,12303.35,12092.25,12110.24,0
03/11/2008,11741.33,12160.8,11741.01,12156.97,0
03/10/2008,11893.04,11926.5,11731.6,11740.15,0
03/07/2008,12039.09,12094.21,11819.69,11893.69,0
03/06/2008,12254.59,12254.59,12026.07,12040.39,0
03/05/2008,12204.93,12349.67,12140.53,12254.99,0
03/04/2008,12259.14,12259.23,12032.42,12213.8,0
03/03/2008,12264.36,12281.37,12161.05,12258.9,0
02/29/2008,12579.58,12580.15,12223.57,12266.39,0
02/28/2008,12689.28,12689.44,12536.43,12582.18,0
02/27/2008,12683.54,12756.56,12609.37,12694.28,0
02/26/2008,12569.48,12734.18,12512.41,12684.92,0
02/25/2008,12380.77,12584.62,12341.04,12570.22,0
02/22/2008,12281.09,12397.79,12155.26,12381.02,0
02/21/2008,12426.85,12503.46,12247.34,12284.3,0
02/20/2008,12333.31,12464.06,12227.72,12427.26,0
02/19/2008,12349.59,12505.25,12304.08,12337.22,0
02/15/2008,12376.66,12376.66,12278.62,12348.21,0
02/14/2008,12551.51,12557.61,12361.46,12376.98,0
02/13/2008,12368.12,12573.13,12367.8,12552.24,0
02/12/2008,12241.56,12469.41,12241.56,12373.41,0
02/11/2008,12181.89,12252.12,12069.47,12240.01,0
02/08/2008,12248.47,12281.88,12103.37,12182.13,0
02/07/2008,12196.2,12332.52,12120.44,12247,0
02/06/2008,12257.25,12390.32,12178.15,12200.1,0
02/05/2008,12631.85,12631.93,12264.07,12265.13,0
02/04/2008,12743.11,12749.78,12621.83,12635.16,0
02/01/2008,12638.17,12767.74,12602.32,12743.19,0
01/31/2008,12438.28,12702.38,12249.93,12650.36,0
01/30/2008,12480.14,12681.41,12406.17,12442.83,0
01/29/2008,12385.19,12503.15,12346.99,12480.3,0
01/28/2008,12205.71,12386.01,12112.14,12383.89,0
01/25/2008,12391.7,12486.89,12183.68,12207.17,0
01/24/2008,12272.69,12399.18,12241.8,12378.61,0
01/23/2008,11969.08,12276.67,11644.81,12270.17,0
01/22/2008,12092.72,12092.72,11634.82,11971.19,0
01/18/2008,12159.94,12341.54,12022.48,12099.3,0
01/17/2008,12467.05,12517.61,12125.56,12159.21,0
01/16/2008,12476.81,12613.13,12392.27,12466.16,0
01/15/2008,12777.5,12777.5,12488.76,12501.11,0
01/14/2008,12613.78,12794.57,12613.7,12778.15,0
01/11/2008,12850.74,12851.14,12543.87,12606.3,0
01/10/2008,12733.11,12931.29,12632.15,12853.09,0
01/09/2008,12590.21,12738.64,12501.76,12735.31,0
01/08/2008,12820.9,12906.42,12565.41,12589.07,0
01/07/2008,12801.15,12884.15,12733.84,12827.49,0
01/04/2008,13046.56,13046.72,12789.04,12800.18,0
01/03/2008,13044.12,13137.93,13023.56,13056.72,0
01/02/2008,13261.82,13279.54,12991.37,13043.96,0
