Date,Open,High,Low,Close,Volume
12/31/2010,11569.33,11597.41,11530.32,11577.51,0
12/30/2010,11585.3,11594.38,11551.93,11569.71,0
12/29/2010,11572.74,11625,11572.66,11585.38,0
12/28/2010,11554.8,11591.13,11541.14,11575.54,0
12/27/2010,11572.81,11573.19,11518.44,11555.03,0
12/23/2010,11559.11,11580.84,11542.62,11573.49,0
12/22/2010,11532.17,11566.99,11528.08,11559.49,0
12/21/2010,11478.36,11549.12,11478.29,11533.16,0
12/20/2010,11491.3,11517.07,11442.68,11478.13,0
12/17/2010,11499.02,11503.18,11451,11491.91,0
12/16/2010,11458,11514.84,11421.3,11499.25,0
12/15/2010,11475.64,11519.04,11445.67,11457.47,0
12/14/2010,11429.24,11514.08,11428.94,11476.54,0
12/13/2010,11406.16,11480.03,11405.33,11428.56,0
12/10/2010,11370.44,11413.69,11357.72,11410.32,0
12/09/2010,11370.36,11413.35,11331.5,11370.06,0
12/08/2010,11354.3,11389.09,11327.49,11372.48,0
12/07/2010,11363.85,11450.89,11354.09,11359.16,0
12/06/2010,11381.33,11392.08,11350.27,11362.19,0
12/03/2010,11361.88,11388.87,11318.82,11382.09,0
12/02/2010,11255.93,11373.8,11255.85,11362.41,0
12/01/2010,11007.23,11276.1,11007.23,11255.78,0
11/30/2010,11049.72,11062.63,10942.98,11006.02,0
11/29/2010,11083.75,11083.82,10929.28,11052.49,0
11/26/2010,11183.5,11183.5,11067.17,11092,0
11/24/2010,11037.35,11195.99,11037.35,11187.28,0
11/23/2010,11177.6,11180.17,10992.17,11036.37,0
11/22/2010,11201.66,11206.05,11054.53,11178.58,0
11/19/2010,11180.77,11206.17,11119.24,11203.55,0
11/18/2010,11010.49,11199.69,11010.34,11181.23,0
11/17/2010,11017.83,11042.16,10990.81,11007.88,0
11/16/2010,11194.7,11194.7,10978.93,11023.5,0
11/15/2010,11194.02,11280.9,11189.1,11201.97,0
11/12/2010,11281.28,11283.7,11143.84,11192.58,0
11/11/2010,11326.69,11326.77,11231.22,11283.1,0
11/10/2010,11342.81,11366.16,11255.02,11357.04,0
11/09/2010,11403.59,11421.14,11303.19,11346.75,0
11/08/2010,11439.54,11439.61,11362.53,11406.84,0
11/05/2010,11435.22,11451.53,11393.52,11444.08,0
11/04/2010,11216.65,11440.37,11216.65,11434.84,0
11/03/2010,11184.88,11226.64,11097.37,11215.13,0
11/02/2010,11125.22,11219.52,11125.22,11188.72,0
11/01/2010,11120.3,11244.27,11062.33,11124.62,0
10/29/2010,11120.45,11131.01,11075.8,11118.49,0
10/28/2010,11127.34,11179.34,11052.6,11113.95,0
10/27/2010,11168.4,11168.4,11020.82,11126.28,0
10/26/2010,11163.14,11184.82,11087,11169.46,0
10/25/2010,11133.4,11247.6,11132.34,11164.05,0
10/22/2010,11146.41,11159.05,11109.25,11132.56,0
10/21/2010,11105.24,11213.54,11066.19,11146.57,0
10/20/2010,10974.52,11152.88,10970.89,11107.97,0
10/19/2010,11139.6,11139.6,10917.62,10978.62,0
10/18/2010,11062.63,11159.05,11054.76,11143.69,0
10/15/2010,11096.01,11141.19,11010.68,11062.78,0
10/14/2010,11096.99,11112.2,11023.54,11094.57,0
10/13/2010,11022.82,11155.23,11022.07,11096.08,0
10/12/2010,11010.79,11053.21,10913.84,11020.4,0
10/11/2010,11006.93,11030.5,10977.9,11010.34,0
10/08/2010,10948.5,11032.17,10929.28,11006.48,0
10/07/2010,10968.41,10998.53,10892.76,10948.58,0
10/06/2010,10936.79,10974.16,10918.57,10967.65,0
10/05/2010,10752.78,10965.61,10752.63,10944.72,0
10/04/2010,10828.85,10853.71,10711.12,10751.27,0
10/01/2010,10789.72,10866.54,10780.64,10829.68,0
09/30/2010,10836.04,10948.88,10745.44,10788.05,0
09/29/2010,10857.98,10869.26,10798.88,10835.28,0
09/28/2010,10809.17,10886.21,10728.64,10858.14,0
09/27/2010,10860.03,10873.2,10809.62,10812.04,0
09/24/2010,10664.39,10865.78,10664.31,10860.26,0
09/23/2010,10738.48,10761.94,10640.92,10662.42,0
09/22/2010,10761.11,10805.38,10708.4,10739.31,0
09/21/2010,10753.39,10833.39,10717.74,10761.03,0
09/20/2010,10608.08,10774.13,10608.08,10753.62,0
09/17/2010,10595.51,10650.16,10567.36,10607.85,0
09/16/2010,10571.75,10603.69,10522.48,10594.83,0
09/15/2010,10526.42,10587.8,10480.78,10572.73,0
09/14/2010,10544.73,10588.32,10499.7,10526.49,0
09/13/2010,10458.6,10567.59,10458.6,10544.13,0
09/10/2010,10415.01,10471.28,10403.17,10462.77,0
09/09/2010,10388.14,10476.62,10386.63,10415.24,0
09/08/2010,10338.49,10426.7,10335.69,10387.01,0
09/07/2010,10446.8,10446.8,10332.4,10340.69,0
09/03/2010,10321.92,10451.15,10321.84,10447.93,0
09/02/2010,10270.08,10320.37,10253.96,10320.1,0
09/01/2010,10016.01,10279.08,10016.01,10269.47,0
08/31/2010,10006.42,10073.38,9941.84,10014.72,0
08/30/2010,10145.58,10150.57,10007.68,10009.73,0
08/27/2010,9982.18,10159.88,9936.62,10150.65,0
08/26/2010,10059.9,10104.71,9968.1,9985.81,0
08/25/2010,10040.15,10097.4,9937.98,10060.06,0
08/24/2010,10173.05,10173.05,9991.18,10040.45,0
08/23/2010,10215.51,10304.7,10170.29,10174.41,0
08/20/2010,10270.98,10270.98,10147.24,10213.62,0
08/19/2010,10411.15,10411.15,10216.19,10271.21,0
08/18/2010,10398.59,10472.3,10330.02,10415.54,0
08/17/2010,10297.63,10480.44,10297.47,10405.85,0
08/16/2010,10303.07,10333.12,10209.53,10302.01,0
08/13/2010,10320.33,10354.92,10285.44,10303.15,0
08/12/2010,10361.58,10361.65,10268.71,10319.95,0
08/11/2010,10631.82,10631.9,10367.33,10378.83,0
08/10/2010,10696.63,10700.71,10551.62,10644.25,0
08/09/2010,10654.62,10719.94,10649.4,10698.75,0
08/06/2010,10668.55,10668.7,10515.37,10653.56,0
08/05/2010,10679.67,10679.75,10612.85,10674.98,0
08/04/2010,10630.2,10702.99,10627.53,10680.43,0
08/03/2010,10673.92,10676.95,10600.96,10636.38,0
08/02/2010,10468.82,10692.2,10468.59,10674.38,0
07/30/2010,10465.19,10507.19,10347.5,10465.94,0
07/29/2010,10498.94,10584.99,10387.39,10467.16,0
07/28/2010,10537.01,10548.52,10463.22,10497.88,0
07/27/2010,10525.28,10578.33,10494.86,10537.69,0
07/26/2010,10424.17,10526.79,10414.4,10525.43,0
07/23/2010,10321.16,10441.95,10287.48,10424.62,0
07/22/2010,10121.81,10363.24,10121.81,10322.3,0
07/21/2010,10226.02,10265.54,10065.5,10120.53,0
07/20/2010,10151.48,10236.4,10007.76,10229.96,0
07/19/2010,10098.12,10187.28,10073.68,10154.43,0
07/16/2010,10356.2,10356.2,10079.58,10097.9,0
07/15/2010,10367.1,10379.74,10240.48,10359.31,0
07/14/2010,10370.96,10400.1,10303,10366.72,0
07/13/2010,10217.55,10407.82,10217.55,10363.02,0
07/12/2010,10199.24,10220.28,10146.49,10216.27,0
07/09/2010,10137.93,10201.77,10118.41,10198.03,0
07/08/2010,10019.26,10139.86,10019.26,10138.99,0
07/07/2010,9736.85,10026.6,9736.7,10018.28,0
07/06/2010,9689.21,9858.13,9659.01,9743.62,0
07/02/2010,9732.23,9770.87,9614.32,9686.48,0
07/01/2010,9773.27,9795.48,9621.89,9732.53,0
06/30/2010,9868.34,9908.92,9753.84,9774.02,0
06/29/2010,10135.72,10135.8,9811.92,9870.3,0
06/28/2010,10143.05,10201.93,10101.41,10138.52,0
06/25/2010,10153.48,10202.91,10081.08,10143.81,0
06/24/2010,10297.08,10298.06,10128.85,10152.8,0
06/23/2010,10293.3,10368.04,10227.24,10298.44,0
06/22/2010,10441.95,10493.57,10283.4,10293.52,0
06/21/2010,10452.46,10594.16,10395.55,10442.41,0
06/18/2010,10435,10483.44,10424.49,10450.64,0
06/17/2010,10409.98,10441.2,10319.22,10434.17,0
06/16/2010,10404.24,10429.03,10332.6,10409.46,0
06/15/2010,10192.4,10408.32,10192.4,10404.77,0
06/14/2010,10211.83,10328.67,10186.21,10190.89,0
06/11/2010,10166.78,10215.98,10082.71,10211.07,0
06/10/2010,9901.67,10185.83,9901.67,10172.53,0
06/09/2010,9941.57,10065.14,9867.73,9899.25,0
06/08/2010,9812.94,9953.66,9757.55,9939.98,0
06/07/2010,9931.75,9982.38,9810.3,9816.49,0
06/04/2010,10249.61,10249.69,9889.88,9931.97,0
06/03/2010,10250.67,10315.21,10175.02,10255.28,0
06/02/2010,10025.61,10254.22,10025.61,10249.54,0
06/01/2010,10133.94,10218.33,10013.9,10024.02,0
05/28/2010,10258,10258,10095.9,10136.63,0
05/27/2010,9971.73,10264.2,9971.73,10258.99,0
05/26/2010,10045.11,10179.03,9952.68,9974.45,0
05/25/2010,10061.43,10061.66,9774.48,10043.75,0
05/24/2010,10193.46,10196.41,10052.67,10066.57,0
05/21/2010,10063.93,10198.53,9918.82,10193.39,0
05/20/2010,10440.21,10440.21,10065.36,10068.01,0
05/19/2010,10505.7,10522.52,10324.66,10444.37,0
05/18/2010,10625.45,10718.86,10482.2,10510.95,0
05/17/2010,10616.98,10660.97,10436.06,10625.83,0
05/14/2010,10780.68,10780.75,10537.25,10620.16,0
05/13/2010,10896.61,10920.27,10771.69,10782.95,0
05/12/2010,10742.15,10909.08,10742.15,10896.91,0
05/11/2010,10780,10874.54,10685.38,10748.26,0
05/10/2010,10386.18,10835.17,10386.03,10785.14,0
05/07/2010,10519.42,10579.12,10241.23,10380.43,0
05/06/2010,10862.22,10879.76,9869.62,10520.32,0
05/05/2010,10918.4,10946.79,10814.84,10868.12,0
05/04/2010,11149.48,11149.48,10869.25,10926.77,0
05/03/2010,11009.6,11177.67,11009.6,11151.83,0
04/30/2010,11168.23,11197.93,10999.69,11008.61,0
04/29/2010,11045.64,11197.32,11041.64,11167.32,0
04/28/2010,10988.87,11078.52,10965.38,11045.27,0
04/27/2010,11203.67,11218.86,10973.17,10991.99,0
04/26/2010,11205.11,11258.01,11187.65,11205.03,0
04/23/2010,11132.18,11205.64,11105.65,11204.28,0
04/22/2010,11119.78,11149.86,11016.4,11134.29,0
04/21/2010,11116.91,11153.72,11071.34,11124.92,0
04/20/2010,11093.11,11146.08,11081.47,11117.06,0
04/19/2010,11018.36,11095.3,10977.85,11092.05,0
04/16/2010,11143.66,11153.79,10973.92,11018.66,0
04/15/2010,11122.96,11154.55,11096.2,11144.57,0
04/14/2010,11020.7,11125.22,11020.63,11123.11,0
04/13/2010,11006.72,11038.92,10947.77,11019.42,0
04/12/2010,10996.75,11029.77,10992.21,11005.97,0
04/09/2010,10926.92,11000.98,10926.92,10997.35,0
04/08/2010,10896.99,10949.36,10844.09,10927.07,0
04/07/2010,10961.95,10962.66,10845.45,10897.52,0
04/06/2010,10972.49,10987.38,10927.52,10969.99,0
04/05/2010,10927.45,10988.06,10923.97,10973.55,0
04/01/2010,10857.31,10956.39,10857.31,10927.07,0
03/31/2010,10907.34,10907.42,10832.83,10856.63,0
03/30/2010,10895.02,10940.22,10866.83,10907.42,0
03/29/2010,10849.23,10916.64,10849.23,10895.86,0
03/26/2010,10841.29,10909.38,10816.43,10850.36,0
03/25/2010,10837.51,10955.48,10834.19,10841.21,0
03/24/2010,10887.62,10887.84,10825.42,10836.15,0
03/23/2010,10787.18,10893.89,10784.76,10888.83,0
03/22/2010,10741,10809.85,10695.13,10785.89,0
03/19/2010,10780,10819.9,10694.22,10741.98,0
03/18/2010,10733.44,10784,10728.15,10779.17,0
03/17/2010,10686.36,10767.98,10686.36,10733.67,0
03/16/2010,10642.53,10693.99,10621.9,10685.98,0
03/15/2010,10623.41,10644.19,10570.51,10642.15,0
03/12/2010,10611.77,10644.95,10594.84,10624.69,0
03/11/2010,10560.98,10611.84,10507.17,10611.84,0
03/10/2010,10560.13,10601.79,10526.52,10567.33,0
03/09/2010,10552.24,10612.6,10533.93,10564.38,0
03/08/2010,10563.78,10587.74,10542.39,10552.52,0
03/05/2010,10445.13,10571.94,10445.05,10566.2,0
03/04/2010,10396.53,10452.38,10390.86,10444.14,0
03/03/2010,10406.28,10469.54,10376.58,10396.76,0
03/02/2010,10404.16,10456.92,10389.43,10405.98,0
03/01/2010,10326.1,10413.99,10326.1,10403.79,0
02/26/2010,10321.41,10353.45,10272.29,10325.26,0
02/25/2010,10366.6,10366.68,10185.83,10321.03,0
02/24/2010,10284,10393.51,10283.93,10374.16,0
02/23/2010,10383.16,10411.12,10267.83,10282.41,0
02/22/2010,10402.43,10433.64,10368.95,10383.38,0
02/19/2010,10387.77,10438.55,10339.17,10402.35,0
02/18/2010,10309.39,10406.58,10294.51,10392.9,0
02/17/2010,10261.48,10320.13,10261.48,10309.24,0
02/16/2010,10100.81,10279.54,10100.81,10268.81,0
02/12/2010,10137.23,10137.39,9983.82,10099.14,0
02/11/2010,10037.85,10161.57,9976.71,10144.19,0
02/10/2010,10055.46,10085.54,9962.96,10038.38,0
02/09/2010,9910.28,10139.43,9910.06,10058.64,0
02/08/2010,10005.43,10028.56,9904.09,9908.39,0
02/05/2010,10003.69,10031.96,9835.09,10012.23,0
02/04/2010,10273.12,10273.12,9998.03,10002.18,0
02/03/2010,10291.73,10307.2,10231.93,10270.55,0
02/02/2010,10186.13,10314.84,10173.59,10296.85,0
02/01/2010,10068.99,10190.89,10068.91,10185.53,0
01/29/2010,10122.04,10239.34,10043.75,10067.33,0
01/28/2010,10236.92,10258.83,10055.08,10120.46,0
01/27/2010,10194.29,10255.06,10104.36,10236.16,0
01/26/2010,10195.35,10285.13,10155.6,10194.29,0
01/25/2010,10175.1,10256.87,10171.77,10196.86,0
01/22/2010,10389.58,10389.58,10157.64,10172.98,0
01/21/2010,10603.91,10614.94,10374.69,10389.88,0
01/20/2010,10719.69,10719.92,10517.3,10603.15,0
01/19/2010,10608.37,10729.89,10591.97,10725.43,0
01/15/2010,10706.99,10709.94,10561.06,10609.65,0
01/14/2010,10680.16,10723.77,10666.86,10710.55,0
01/13/2010,10628.09,10709.26,10614.49,10680.77,0
01/12/2010,10662.86,10663.08,10568.84,10627.26,0
01/11/2010,10620.31,10676.23,10591.59,10663.99,0
01/08/2010,10606.4,10619.4,10554.33,10618.19,0
01/07/2010,10571.11,10612.37,10505.21,10606.86,0
01/06/2010,10564.72,10594.99,10546.55,10573.68,0
01/05/2010,10584.56,10584.56,10522.52,10572.02,0
01/04/2010,10430.69,10604.97,10430.69,10583.96,0
