Date,Open,High,Low,Close,Volume
12/31/2009,10548.51,10555.01,10423.13,10428.05,0
12/30/2009,10544.36,10550.7,10505.66,10548.51,0
12/29/2009,10547.83,10580.33,10544.28,10545.41,0
12/28/2009,10517.91,10551.61,10506.34,10547.08,0
12/24/2009,10467.12,10522.06,10461.68,10520.1,0
12/23/2009,10464.32,10492.06,10437.8,10466.44,0
12/22/2009,10414.67,10479.82,10414.59,10464.93,0
12/21/2009,10330.1,10458.05,10329.8,10414.14,0
12/18/2009,10309.39,10372.35,10263.9,10328.89,0
12/17/2009,10439.99,10440.06,10307.96,10308.26,0
12/16/2009,10449.81,10509.97,10427.59,10441.12,0
12/15/2009,10499.31,10499.31,10426.69,10452,0
12/14/2009,10471.28,10514.66,10471.28,10501.05,0
12/11/2009,10403.41,10484.05,10400.08,10471.5,0
12/10/2009,10336,10444.6,10335.77,10405.83,0
12/09/2009,10282.85,10342.27,10235.63,10337.05,0
12/08/2009,10385.42,10385.65,10249.84,10285.97,0
12/07/2009,10386.86,10443.16,10360.18,10390.11,0
12/04/2009,10368.57,10516.7,10311.81,10388.9,0
12/03/2009,10455.63,10507.63,10350.05,10366.15,0
12/02/2009,10470.44,10513.52,10421.47,10452.68,0
12/01/2009,10343.82,10501.28,10343.44,10471.58,0
11/30/2009,10309.77,10364.34,10263.29,10344.84,0
11/27/2009,10452.23,10452.23,10231.25,10309.92,0
11/25/2009,10432.96,10481.48,10420.94,10464.4,0
11/24/2009,10451.25,10453.97,10359.58,10433.71,0
11/23/2009,10320.13,10495.61,10320.05,10450.95,0
11/20/2009,10327.91,10342.72,10271.68,10318.16,0
11/19/2009,10425.33,10425.33,10256.11,10332.44,0
11/18/2009,10426.27,10432.66,10360.1,10426.31,0
11/17/2009,10404.77,10438.17,10361.99,10437.42,0
11/16/2009,10267.53,10434.24,10267.45,10406.96,0
11/13/2009,10197.85,10305.69,10192.03,10270.47,0
11/12/2009,10289.82,10321.64,10171.24,10197.47,0
11/11/2009,10247.42,10341.97,10246.14,10291.26,0
11/10/2009,10223.01,10260.8,10197.69,10246.97,0
11/09/2009,10020.62,10228.23,10020.62,10226.94,0
11/06/2009,10001.35,10044.5,9936.81,10023.42,0
11/05/2009,9807.8,10013.07,9807.8,10005.96,0
11/04/2009,9767.3,9928.04,9767.14,9802.14,0
11/03/2009,9787.47,9787.47,9703.89,9771.91,0
11/02/2009,9712.13,9858.59,9678.95,9789.44,0
10/30/2009,9961.52,9962.13,9684.54,9712.73,0
10/29/2009,9762.91,9969.91,9759.13,9962.58,0
10/28/2009,9881.11,9902.42,9758.08,9762.69,0
10/27/2009,9868.34,9947.54,9837.96,9882.17,0
10/26/2009,9972.33,10072.32,9849.45,9867.96,0
10/23/2009,10099.9,10109.57,9932.5,9972.18,0
10/22/2009,9946.18,10105.19,9916.78,10081.31,0
10/21/2009,10038.84,10119.47,9943.76,9949.36,0
10/20/2009,10092.42,10098.39,9992.81,10041.48,0
10/19/2009,9996.67,10117.96,9995.15,10092.19,0
10/16/2009,10061.36,10061.66,9939.91,9995.91,0
10/15/2009,10014.88,10062.94,9977.47,10062.94,0
10/14/2009,9873.55,10027.73,9873.48,10015.86,0
10/13/2009,9883.98,9895.09,9815.06,9871.06,0
10/12/2009,9865.24,9931.82,9849.37,9885.8,0
10/09/2009,9786.04,9865.01,9764.88,9864.94,0
10/08/2009,9728.22,9836.67,9728.07,9786.87,0
10/07/2009,9725.69,9740.32,9675.62,9725.58,0
10/06/2009,9601.26,9774.32,9601.26,9731.25,0
10/05/2009,9488.73,9625.06,9481.09,9599.75,0
10/02/2009,9507.62,9524.78,9430.08,9487.67,0
10/01/2009,9711.6,9711.67,9500.37,9509.28,0
09/30/2009,9741.83,9776.82,9608.59,9712.28,0
09/29/2009,9789.74,9834.48,9739.11,9742.2,0
09/28/2009,9663.23,9823.67,9663.23,9789.36,0
09/25/2009,9706.68,9735.93,9641.01,9665.19,0
09/24/2009,9749.99,9805.39,9666.03,9707.44,0
09/23/2009,9830.63,9917.99,9740.84,9748.55,0
09/22/2009,9779.61,9843.4,9771.91,9829.87,0
09/21/2009,9818.61,9818.69,9725.88,9778.86,0
09/18/2009,9784.75,9847.71,9784.68,9820.2,0
09/17/2009,9789.82,9854.58,9749.46,9783.92,0
09/16/2009,9683.71,9799.72,9679.18,9791.71,0
09/15/2009,9626.42,9713.71,9580.93,9683.41,0
09/14/2009,9598.08,9631.11,9535.96,9626.8,0
09/11/2009,9625.44,9649.85,9571.56,9605.41,0
09/10/2009,9546.54,9633,9508.22,9627.48,0
09/09/2009,9496.59,9577.22,9476.18,9547.22,0
09/08/2009,9440.13,9511.02,9439.98,9497.34,0
09/04/2009,9345.36,9445.72,9321.63,9441.27,0
09/03/2009,9282.03,9350.27,9252.93,9344.61,0
09/02/2009,9306.21,9330.93,9262.3,9280.67,0
09/01/2009,9492.32,9557.95,9292.08,9310.6,0
08/31/2009,9542.91,9543.06,9436.13,9496.28,0
08/28/2009,9582.74,9630.2,9495.98,9544.2,0
08/27/2009,9541.63,9609.72,9459.4,9580.63,0
08/26/2009,9538.61,9582.97,9485.78,9543.52,0
08/25/2009,9509.21,9620,9508.98,9539.29,0
08/24/2009,9506.18,9587.73,9486.23,9509.28,0
08/21/2009,9347.86,9519.11,9347.25,9505.96,0
08/20/2009,9278.55,9363.95,9267.97,9350.05,0
08/19/2009,9208.68,9313.09,9131.94,9279.16,0
08/18/2009,9134.36,9233.51,9134.36,9217.94,0
08/17/2009,9313.85,9313.85,9116.52,9135.34,0
08/14/2009,9398.04,9401.97,9232.83,9321.4,0
08/13/2009,9362.29,9406.5,9305.31,9398.19,0
08/12/2009,9236.06,9424.11,9221.02,9361.61,0
08/11/2009,9334.33,9334.33,9216.88,9241.45,0
08/10/2009,9368.41,9371.96,9290.34,9337.95,0
08/07/2009,9258.45,9437.71,9258.45,9370.07,0
08/06/2009,9277.19,9325.11,9208.8,9256.26,0
08/05/2009,9315.36,9318.08,9206.45,9280.97,0
08/04/2009,9285.05,9321.1,9250.74,9320.19,0
08/03/2009,9173.65,9298.43,9173.65,9286.56,0
07/31/2009,9154.61,9218.77,9133.45,9171.61,0
07/30/2009,9072.84,9246.43,9072.61,9154.46,0
07/29/2009,9092.34,9094.83,9014.19,9070.72,0
07/28/2009,9106.92,9124.91,9007.47,9096.72,0
07/27/2009,9093.09,9123.4,9034.52,9108.51,0
07/24/2009,9066.11,9100.88,9007.39,9093.24,0
07/23/2009,8882.31,9096.72,8866.44,9069.29,0
07/22/2009,8912.39,8949.8,8860.32,8881.26,0
07/21/2009,8848.15,8927.13,8811.27,8915.94,0
07/20/2009,8746.05,8854.8,8745.9,8848.15,0
07/17/2009,8711.89,8754.29,8674.41,8743.94,0
07/16/2009,8612.66,8739.55,8584.4,8711.82,0
07/15/2009,8363.95,8628.23,8363.95,8616.21,0
07/14/2009,8331.37,8361.23,8285.2,8359.49,0
07/13/2009,8146.82,8331.68,8130.42,8331.68,0
07/10/2009,8182.49,8183.85,8093.31,8146.52,0
07/09/2009,8179.01,8228.67,8145.31,8183.17,0
07/08/2009,8157.02,8219.52,8087.19,8178.41,0
07/07/2009,8324.95,8326.31,8154.38,8163.6,0
07/06/2009,8279.3,8327.97,8205.99,8324.87,0
07/02/2009,8503,8503.23,8280.74,8280.74,0
07/01/2009,8447.53,8580.47,8447.53,8504.06,0
06/30/2009,8528.93,8560.44,8393.95,8447,0
06/29/2009,8440.13,8533.23,8429.09,8529.38,0
06/26/2009,8468.54,8468.77,8401.36,8438.39,0
06/25/2009,8299.25,8490.46,8259.43,8472.4,0
06/24/2009,8323.51,8428.41,8259.88,8299.86,0
06/23/2009,8340.44,8370.9,8286.41,8322.91,0
06/22/2009,8538.52,8538.83,8334.55,8339.01,0
06/19/2009,8556.96,8616.59,8496.73,8539.73,0
06/18/2009,8496.73,8590.52,8475.12,8555.6,0
06/17/2009,8504.36,8563.01,8461.29,8497.18,0
06/16/2009,8612.44,8643.65,8499.38,8504.67,0
06/15/2009,8798.5,8798.5,8577.9,8612.13,0
06/12/2009,8770.01,8805.53,8716.73,8799.26,0
06/11/2009,8736.23,8877.93,8736.23,8770.92,0
06/10/2009,8763.66,8834.93,8639.95,8739.02,0
06/09/2009,8764.83,8803.26,8725.12,8763.06,0
06/08/2009,8759.35,8823.97,8633.07,8764.49,0
06/05/2009,8751.75,8839.4,8700.41,8763.13,0
06/04/2009,8665.72,8751.25,8634.57,8750.24,0
06/03/2009,8740.07,8740.39,8598.38,8675.28,0
06/02/2009,8721.6,8787.13,8693.72,8740.87,0
06/01/2009,8501.53,8760.7,8501.29,8721.44,0
05/29/2009,8404.04,8522.95,8368.52,8500.33,0
05/28/2009,8300.5,8434.62,8246.58,8403.8,0
05/27/2009,8473.65,8496.59,8289.35,8300.02,0
05/26/2009,8275.33,8495.71,8226.9,8473.49,0
05/22/2009,8292.21,8364.14,8257.17,8277.32,0
05/21/2009,8416.07,8416.15,8221.01,8292.13,0
05/20/2009,8471.82,8591.93,8405.47,8422.04,0
05/19/2009,8502.48,8538.01,8463.54,8474.85,0
05/18/2009,8270.15,8511.88,8270.15,8504.08,0
05/15/2009,8326.22,8394.96,8230.17,8268.64,0
05/14/2009,8285.92,8376.64,8273.9,8331.32,0
05/13/2009,8461.8,8462.04,8262.43,8284.89,0
05/12/2009,8419.17,8517.46,8365.65,8469.11,0
05/11/2009,8569.23,8569.23,8410.33,8418.77,0
05/08/2009,8410.73,8587.55,8410.73,8574.65,0
05/07/2009,8513.56,8577.19,8358,8409.85,0
05/06/2009,8403.48,8518.57,8403,8512.28,0
05/05/2009,8425.55,8458.12,8362.78,8410.65,0
05/04/2009,8213.6,8434.86,8213.6,8426.74,0
05/01/2009,8167.41,8219.81,8099.31,8212.41,0
04/30/2009,8188.51,8307.51,8136.9,8168.12,0
04/29/2009,8018.31,8257.57,8017.91,8185.73,0
04/28/2009,8023.56,8091.66,7938.98,8016.95,0
04/27/2009,8073.82,8122.56,7987.16,8025,0
04/24/2009,7957.45,8127.5,7957.45,8076.29,0
04/23/2009,7886.81,7979.44,7804.21,7957.06,0
04/22/2009,7964.78,8044.83,7868.01,7886.57,0
04/21/2009,7841.73,7979.2,7791.95,7969.56,0
04/20/2009,8128.94,8128.94,7840.45,7841.73,0
04/17/2009,8125.43,8190.66,8086.88,8131.33,0
04/16/2009,8029.14,8168.12,7962.71,8125.43,0
04/15/2009,7914.92,8041.32,7870.48,8029.62,0
04/14/2009,8057.41,8057.41,7902.26,7920.18,0
04/13/2009,8082.02,8113.41,7963.75,8057.81,0
04/09/2009,7839.89,8087.28,7839.89,8083.38,0
04/08/2009,7788.68,7887.52,7750.85,7837.11,0
04/07/2009,7968.92,7969.08,7762.08,7789.56,0
04/06/2009,8016.16,8016.16,7862.2,7975.85,0
04/03/2009,7980.63,8019.5,7897.24,8017.59,0
04/02/2009,7763.99,8075.73,7763.99,7978.08,0
04/01/2009,7606.13,7789,7483.87,7761.6,0
03/31/2009,7523.77,7725.36,7523.45,7608.92,0
03/30/2009,7773.31,7773.39,7437.59,7522.02,0
03/27/2009,7922.57,7922.57,7735.95,7776.18,0
03/26/2009,7752.36,7931.33,7752.28,7924.56,0
03/25/2009,7659.81,7863.63,7550.06,7749.81,0
03/24/2009,7773.47,7796.57,7646.99,7659.97,0
03/23/2009,7279.25,7780.72,7278.78,7775.86,0
03/20/2009,7402.31,7460.93,7257.83,7278.38,0
03/19/2009,7489.68,7548.46,7369.26,7400.8,0
03/18/2009,7395.7,7571.64,7257.27,7486.58,0
03/17/2009,7218,7396.81,7172.05,7395.7,0
03/16/2009,7225.33,7392.91,7206.85,7216.97,0
03/13/2009,7167.35,7242.62,7105.86,7223.98,0
03/12/2009,6932.39,7184.71,6872.25,7170.06,0
03/11/2009,6923.13,7015.06,6867.55,6930.4,0
03/10/2009,6547.01,6926.49,6546.61,6926.49,0
03/09/2009,6625.74,6709.61,6516.86,6547.05,0
03/06/2009,6595.16,6755.17,6469.95,6626.94,0
03/05/2009,6874.01,6874.01,6544.1,6594.44,0
03/04/2009,6726.5,6979.22,6726.42,6875.84,0
03/03/2009,6764.81,6855.29,6705.63,6726.02,0
03/02/2009,7056.48,7058.95,6755.17,6763.29,0
02/27/2009,7180.97,7195.46,7033.62,7062.93,0
02/26/2009,7269.06,7402.31,7173.56,7182.08,0
02/25/2009,7349.58,7404.94,7156.68,7270.89,0
02/24/2009,7115.34,7378.97,7114.3,7350.94,0
02/23/2009,7365.99,7441.02,7105.94,7114.78,0
02/20/2009,7461.49,7469.29,7249.47,7365.67,0
02/19/2009,7555.23,7614.97,7447.55,7465.95,0
02/18/2009,7546.35,7617.76,7479.97,7555.63,0
02/17/2009,7845.63,7845.63,7551.01,7552.6,0
02/16/2009,7850.41,7850.41,7850.41,7850.41,0
02/13/2009,7933,7970.84,7840.45,7850.41,0
02/12/2009,7931.97,7938.82,7693.98,7932.76,0
02/11/2009,7887.05,7983.74,7852.16,7939.53,0
02/10/2009,8269.36,8269.44,7848.74,7888.88,0
02/09/2009,8281.38,8315.07,8196.24,8270.87,0
02/06/2009,8056.38,8312.37,8052.24,8280.59,0
02/05/2009,7954.83,8107.83,7845.31,8063.07,0
02/04/2009,8070.32,8162.15,7929.26,7956.66,0
02/03/2009,7936.99,8111.57,7905.52,8078.36,0
02/02/2009,8000.62,8000.62,7867.37,7936.83,0
01/30/2009,8149.01,8195.76,7961.92,8000.86,0
01/29/2009,8373.06,8373.14,8137.94,8149.01,0
01/28/2009,8175.93,8405.87,8175.93,8375.45,0
01/27/2009,8117.39,8225.79,8083.14,8174.73,0
01/26/2009,8078.04,8231.68,8023.16,8116.03,0
01/23/2009,8108.79,8152.59,7909.03,8077.56,0
01/22/2009,8224.43,8224.83,7957.14,8122.8,0
01/21/2009,7949.17,8243.55,7936.19,8228.1,0
01/20/2009,8279.63,8291.98,7939.93,7949.09,0
01/16/2009,8215.67,8341.2,8109.34,8281.22,0
01/15/2009,8196.24,8286.16,7995.13,8212.49,0
01/14/2009,8446.01,8446.25,8140.72,8200.14,0
01/13/2009,8474.61,8522.08,8376.88,8448.56,0
01/12/2009,8599.26,8602.6,8421.08,8473.97,0
01/09/2009,8738.8,8769.62,8576.96,8599.18,0
01/08/2009,8769.94,8770.02,8651.19,8742.46,0
01/07/2009,8996.94,8996.94,8719.92,8769.7,0
01/06/2009,8954.57,9088.06,8940.95,9015.1,0
01/05/2009,9027.13,9034.37,8892.36,8952.89,0
01/02/2009,8772.25,9065.28,8760.78,9034.69,0
