Date,Open,High,Low,Close,Volume
12/30/2011,12286.13,12290.06,12213.78,12217.56,0
12/29/2011,12152.09,12293.96,12152.09,12287.04,0
12/28/2011,12288.85,12299.11,12140.17,12151.41,0
12/27/2011,12293.47,12328.47,12269.97,12291.35,0
12/23/2011,12169.8,12297.44,12169.8,12294,0
12/22/2011,12107.59,12182.71,12107.37,12169.65,0
12/21/2011,12103.28,12119.7,11999.44,12107.74,0
12/20/2011,11769.21,12117.13,11768.83,12103.58,0
12/19/2011,11866.54,11925.88,11735.19,11766.26,0
12/16/2011,11870.25,11968.18,11819.31,11866.39,0
12/15/2011,11825.29,11967.84,11825.22,11868.81,0
12/14/2011,11949.72,11950.02,11786.47,11823.48,0
12/13/2011,12018.66,12147.7,11904.38,11954.94,0
12/12/2011,12181.08,12181.38,11940.86,12021.39,0
12/09/2011,11996.03,12212.83,11995.51,12184.26,0
12/08/2011,12195.91,12195.91,11966.22,11997.7,0
12/07/2011,12144.41,12257.67,12060.37,12196.37,0
12/06/2011,12097.75,12215.71,12076.71,12150.13,0
12/05/2011,12021.54,12186.53,12021.46,12097.83,0
12/02/2011,12022.37,12146.68,12007.12,12019.42,0
12/01/2011,12046.21,12062.64,11974.62,12020.03,0
11/30/2011,11559.27,12045.68,11559.27,12045.68,0
11/29/2011,11523.01,11624.01,11517.04,11555.63,0
11/28/2011,11232.47,11562.1,11232.16,11523.01,0
11/25/2011,11251.88,11361.47,11231.56,11231.78,0
11/23/2011,11492.74,11492.82,11257.55,11257.55,0
11/22/2011,11542.39,11571.75,11433.97,11493.72,0
11/21/2011,11795.55,11795.7,11454.07,11547.31,0
11/18/2011,11768.98,11854.81,11755.82,11796.16,0
11/17/2011,11905.67,11948.43,11676.35,11770.73,0
11/16/2011,12084.74,12109.03,11890.57,11905.59,0
11/15/2011,12077.92,12165.11,12001.26,12096.16,0
11/14/2011,12153,12170.56,12027.03,12078.98,0
11/11/2011,11896.28,12179.72,11896.28,12153.68,0
11/10/2011,11780.03,11961.14,11779.88,11893.79,0
11/09/2011,12166.4,12166.4,11736.93,11780.94,0
11/08/2011,12055.52,12187.51,12002.17,12170.18,0
11/07/2011,11983.02,12074.44,11880.69,12068.39,0
11/04/2011,12043.41,12043.49,11850.31,11983.24,0
11/03/2011,11835.59,12065.93,11835.43,12044.47,0
11/02/2011,11658.49,11876.83,11658.49,11836.04,0
11/01/2011,11951.53,11951.76,11630.03,11657.96,0
10/31/2011,12229.22,12229.29,11954.41,11955.01,0
10/28/2011,12207.34,12251.92,12164.24,12231.11,0
10/27/2011,11872.07,12284.31,11872.07,12208.55,0
10/26/2011,11707.76,11891.21,11694.36,11869.04,0
10/25/2011,11912.63,11912.86,11682.52,11706.62,0
10/24/2011,11807.96,11940.75,11805.77,11913.62,0
10/21/2011,11543.22,11812.46,11542.84,11808.79,0
10/20/2011,11502.13,11581.25,11391.14,11541.78,0
10/19/2011,11577.54,11633.7,11469.17,11504.62,0
10/18/2011,11396.17,11652.74,11296.12,11577.05,0
10/17/2011,11643.35,11643.35,11378.35,11397,0
10/14/2011,11478.97,11646.83,11478.66,11644.49,0
10/13/2011,11518.09,11518.09,11377.82,11478.13,0
10/12/2011,11417.36,11625.3,11417.28,11518.85,0
10/11/2011,11432.8,11447.86,11365.67,11416.3,0
10/10/2011,11104.56,11433.33,11104.56,11433.18,0
10/07/2011,11123.41,11232.05,11051.13,11103.12,0
10/06/2011,10939.87,11132.6,10858.67,11123.33,0
10/05/2011,10800.47,10950.89,10738.1,10939.95,0
10/04/2011,10651.44,10825.44,10404.49,10808.71,0
10/03/2011,10912.1,10979.19,10653.34,10655.3,0
09/30/2011,11152.32,11152.39,10909.52,10913.38,0
09/29/2011,11012.79,11271.14,10965.45,11153.98,0
09/28/2011,11189.1,11317.08,10996.98,11010.9,0
09/27/2011,11045.23,11369.3,11045.23,11190.69,0
09/26/2011,10771.78,11057.49,10771.78,11043.86,0
09/23/2011,10732.77,10808.49,10638.73,10771.48,0
09/22/2011,11121.89,11122.12,10597.14,10733.83,0
09/21/2011,11408.58,11447.86,11117.28,11124.84,0
09/20/2011,11401.47,11550.22,11373.92,11408.66,0
09/19/2011,11506.67,11506.82,11255.25,11401.01,0
09/16/2011,11433.71,11532.47,11407.41,11509.09,0
09/15/2011,11247.72,11433.4,11247.49,11433.18,0
09/14/2011,11106.83,11386.78,10993.84,11246.73,0
09/13/2011,11054.99,11140.85,10987.18,11105.85,0
09/12/2011,10990.01,11062.03,10824.76,11061.12,0
09/09/2011,11294.6,11294.83,10935.64,10992.13,0
09/08/2011,11414.86,11477.3,11283.74,11295.81,0
09/07/2011,11137.63,11414.86,11137.63,11414.86,0
09/06/2011,11237.31,11237.46,10932.53,11139.3,0
09/02/2011,11492.06,11492.14,11211.35,11240.26,0
09/01/2011,11613.3,11716.84,11488.46,11493.57,0
08/31/2011,11560.48,11712.6,11528.08,11613.53,0
08/30/2011,11532.13,11630.07,11429.39,11559.95,0
08/29/2011,11286.65,11541.78,11286.58,11539.25,0
08/26/2011,11145.2,11326.43,10929.2,11284.54,0
08/25/2011,11321.02,11406.39,11106.76,11149.82,0
08/24/2011,11175.78,11331.57,11113.04,11320.71,0
08/23/2011,10854.58,11176.84,10854.43,11176.76,0
08/22/2011,10820.37,11020.55,10820.37,10854.65,0
08/19/2011,10989.75,11086.4,10801.41,10817.65,0
08/18/2011,11406.27,11406.5,10881.6,10990.58,0
08/17/2011,11392.01,11529.67,11322.3,11410.21,0
08/16/2011,11480.48,11488.01,11292.63,11405.93,0
08/15/2011,11269.85,11484.6,11269.85,11482.9,0
08/12/2011,11143.46,11346.67,11142.18,11269.02,0
08/11/2011,10729.85,11278.9,10729.85,11143.31,0
08/10/2011,11228,11228,10686.49,10719.94,0
08/09/2011,10810.91,11244.01,10604.07,11239.77,0
08/08/2011,11433.93,11434.09,10809.85,10809.85,0
08/05/2011,11383.98,11555.41,11139,11444.61,0
08/04/2011,11893.86,11893.94,11372.14,11383.68,0
08/03/2011,11863.74,11904.91,11700.34,11896.44,0
08/02/2011,12129.77,12130.3,11865.56,11866.62,0
08/01/2011,12144.22,12282.42,11998.08,12132.49,0
07/29/2011,12239.36,12243.07,12083.45,12143.24,0
07/28/2011,12301.72,12384.9,12226.83,12240.11,0
07/27/2011,12498.42,12498.65,12289.69,12302.55,0
07/26/2011,12592.12,12593.4,12489.04,12501.3,0
07/25/2011,12679.72,12679.95,12536.19,12592.8,0
07/22/2011,12724.71,12740.87,12644.19,12681.16,0
07/21/2011,12567.07,12751.43,12566.61,12724.41,0
07/20/2011,12583.68,12603.51,12546.56,12571.91,0
07/19/2011,12386.03,12607.56,12385.96,12587.42,0
07/18/2011,12475.11,12475.26,12296.23,12385.16,0
07/15/2011,12437.12,12504.82,12406.09,12479.73,0
07/14/2011,12491.53,12581.98,12414.41,12437.12,0
07/13/2011,12447.33,12611.04,12447.33,12491.61,0
07/12/2011,12505.54,12570.58,12446.88,12446.88,0
07/11/2011,12655.62,12655.84,12470.3,12505.76,0
07/08/2011,12717.9,12717.9,12567.41,12657.2,0
07/07/2011,12627.23,12753.89,12627.23,12719.49,0
07/06/2011,12562.47,12643.24,12539.21,12626.02,0
07/05/2011,12583,12601.8,12540.58,12569.87,0
07/01/2011,12412.07,12596.13,12404.08,12582.77,0
06/30/2011,12262.25,12427.09,12262.1,12414.34,0
06/29/2011,12187.63,12284.39,12175.86,12261.42,0
06/28/2011,12042.28,12190.43,12042.28,12188.69,0
06/27/2011,11934.66,12098.81,11934.05,12043.56,0
06/24/2011,12049.24,12057.19,11925.42,11934.58,0
06/23/2011,12108.35,12108.73,11874.94,12050,0
06/22/2011,12189.71,12207.99,12105.85,12109.67,0
06/21/2011,12081.33,12217.33,12081.18,12190.01,0
06/20/2011,12004.28,12099.87,11971.29,12080.38,0
06/17/2011,11962.66,12072.89,11962.51,12004.36,0
06/16/2011,11896.13,11990.02,11875.77,11961.52,0
06/15/2011,12075.12,12075.2,11862.53,11897.27,0
06/14/2011,11951.38,12120.8,11951.38,12076.11,0
06/13/2011,11945.33,12011.66,11917.78,11952.97,0
06/10/2011,12124.17,12124.85,11937.42,11951.91,0
06/09/2011,12049.47,12183.12,12049.09,12124.36,0
06/08/2011,12066.27,12098.36,12024.26,12048.94,0
06/07/2011,12090.18,12178.89,12066.61,12070.81,0
06/06/2011,12151.19,12151.49,12070.66,12089.96,0
06/03/2011,12247.8,12247.87,12104.03,12151.26,0
06/02/2011,12289.61,12306.71,12190.54,12248.55,0
06/01/2011,12569.41,12569.49,12282.42,12290.14,0
05/31/2011,12443.4,12574.29,12443.4,12569.79,0
05/27/2011,12398.06,12483.81,12397.69,12441.58,0
05/26/2011,12391.63,12441.58,12317.92,12402.76,0
05/25/2011,12355.45,12440.03,12309.52,12394.66,0
05/24/2011,12381.57,12422.55,12350.04,12356.21,0
05/23/2011,12511.36,12511.36,12331.77,12381.26,0
05/20/2011,12604.72,12604.83,12485.86,12512.04,0
05/19/2011,12561.46,12633.59,12533.46,12605.32,0
05/18/2011,12471.78,12571.15,12443.1,12560.18,0
05/17/2011,12541.33,12541.33,12378.84,12479.58,0
05/16/2011,12594.77,12642.9,12530.81,12548.37,0
05/13/2011,12695.65,12714.5,12543.19,12595.75,0
05/12/2011,12629.96,12718.58,12537.17,12695.92,0
05/11/2011,12745.87,12748.21,12577.21,12630.03,0
05/10/2011,12685.13,12781.06,12681.65,12760.36,0
05/09/2011,12637.83,12722.07,12620.2,12684.68,0
05/06/2011,12580.76,12759.23,12579.93,12638.74,0
05/05/2011,12723.65,12724.56,12521.28,12584.17,0
05/04/2011,12806.29,12806.68,12673.02,12723.58,0
05/03/2011,12806.38,12840.66,12749.99,12807.51,0
05/02/2011,12810.16,12876,12784.62,12807.36,0
04/29/2011,12763.46,12832.83,12751.13,12810.54,0
04/28/2011,12689.9,12776.14,12674.54,12763.31,0
04/27/2011,12592.23,12708.37,12588.33,12690.96,0
04/26/2011,12480.86,12613.16,12478.14,12595.37,0
04/25/2011,12505.99,12506.22,12446.05,12479.88,0
04/21/2011,12453.62,12506.06,12447.56,12505.99,0
04/20/2011,12266.75,12475.53,12263.58,12453.54,0
04/19/2011,12201.44,12275.34,12200.3,12266.75,0
04/18/2011,12339.71,12339.79,12093.89,12201.59,0
04/15/2011,12285.45,12369.27,12272.58,12341.83,0
04/14/2011,12270.24,12305.58,12163.86,12285.15,0
04/13/2011,12263.65,12335.1,12224.45,12270.99,0
04/12/2011,12381.19,12381.19,12233,12263.58,0
04/11/2011,12380.43,12444,12352.88,12381.11,0
04/08/2011,12409.87,12450.36,12320.72,12380.05,0
04/07/2011,12426.45,12440.56,12328.36,12409.49,0
04/06/2011,12386.66,12450.93,12386.66,12426.75,0
04/05/2011,12402.08,12438.14,12353.34,12393.9,0
04/04/2011,12374.6,12407.41,12369.15,12400.03,0
04/01/2011,12321.02,12419.71,12321.02,12376.72,0
03/31/2011,12350.76,12381.68,12319.01,12319.73,0
03/30/2011,12280.07,12383.46,12280.07,12350.61,0
03/29/2011,12194.48,12285.41,12173.51,12279.01,0
03/28/2011,12221.19,12272.92,12197.88,12197.88,0
03/25/2011,12170.71,12259.79,12170.71,12220.59,0
03/24/2011,12087.54,12191.18,12087.54,12170.56,0
03/23/2011,12018.4,12116.14,11972.61,12086.02,0
03/22/2011,12036.37,12050.98,12002.85,12018.63,0
03/21/2011,11860.11,12078.3,11860.11,12036.53,0
03/18/2011,11777.23,11927.09,11777.23,11858.52,0
03/17/2011,11614.89,11800.54,11614.82,11774.59,0
03/16/2011,11854.2,11856.7,11555.48,11613.3,0
03/15/2011,11988.69,11988.69,11696.25,11855.42,0
03/14/2011,12042.13,12042.13,11897.31,11993.16,0
03/11/2011,11976.96,12087.01,11936.32,12044.4,0
03/10/2011,12211.43,12211.43,11974.39,11984.61,0
03/09/2011,12211.16,12257.82,12156.6,12213.09,0
03/08/2011,12085.87,12251.2,12072.21,12214.38,0
03/07/2011,12171.09,12243.44,12041.6,12090.03,0
03/04/2011,12258.88,12271.37,12079.51,12169.88,0
03/03/2011,12068.01,12283.1,12068.01,12258.2,0
03/02/2011,12057.34,12115.12,12018.63,12066.8,0
03/01/2011,12226.49,12261.38,12054.99,12058.02,0
02/28/2011,12130.45,12235.04,12130.15,12226.34,0
02/25/2011,12060.93,12151.03,12060.93,12130.45,0
02/24/2011,12104.56,12129.62,11983.17,12068.5,0
02/23/2011,12211.81,12221.12,12063.43,12105.78,0
02/22/2011,12389.74,12389.82,12176.31,12212.79,0
02/18/2011,12318.67,12391.29,12303.23,12391.25,0
02/17/2011,12287.72,12331.31,12253.24,12318.14,0
02/16/2011,12219.79,12303.16,12219.79,12288.17,0
02/15/2011,12266.75,12267.66,12193.27,12226.64,0
02/14/2011,12266.83,12276.21,12235.91,12268.19,0
02/11/2011,12227.78,12285.94,12180.48,12273.26,0
02/10/2011,12239.66,12239.66,12156.94,12229.29,0
02/09/2011,12229.29,12254.23,12188.19,12239.89,0
02/08/2011,12152.7,12238.79,12150.05,12233.15,0
02/07/2011,12092.38,12188.76,12092.3,12161.63,0
02/04/2011,12061.73,12092.42,12025.78,12092.15,0
02/03/2011,12040.68,12080.54,11981.05,12062.26,0
02/02/2011,12038.27,12057.91,12018.51,12041.97,0
02/01/2011,11892.5,12050.75,11892.5,12040.16,0
01/31/2011,11824.39,11891.93,11817.88,11891.93,0
01/28/2011,11990.36,12012.42,11803.04,11823.7,0
01/27/2011,11985.36,12019.53,11971.93,11989.83,0
01/26/2011,11978.85,12020.52,11961.83,11985.44,0
01/25/2011,11980.52,11985.97,11898.74,11977.19,0
01/24/2011,11873.43,11982.94,11867.98,11980.52,0
01/21/2011,11822.95,11905.48,11822.8,11871.84,0
01/20/2011,11823.7,11845.16,11744.77,11822.8,0
01/19/2011,11834.21,11861.24,11798.46,11825.29,0
01/18/2011,11783.82,11858.78,11777.99,11837.93,0
01/14/2011,11732.13,11794.15,11698.83,11787.38,0
01/13/2011,11753.7,11757.25,11700.53,11731.9,0
01/12/2011,11673.62,11782.23,11673.62,11755.44,0
01/11/2011,11638.51,11704.12,11635.48,11671.88,0
01/10/2011,11672.34,11677.33,11573.87,11637.45,0
01/07/2011,11696.86,11726.94,11599.68,11674.76,0
01/06/2011,11716.93,11736.74,11667.46,11697.31,0
01/05/2011,11688.61,11742.68,11652.89,11722.89,0
01/04/2011,11670.9,11698.22,11635.74,11691.18,0
01/03/2011,11577.43,11711.47,11577.35,11670.75,0
