Date,Open,High,Low,Close,Volume
12/30/2009,10707.51,10707.51,10546.44,10546.44,0
12/29/2009,10611.85,10683.12,10597.41,10638.06,0
12/28/2009,10521.81,10652.99,10513.55,10634.23,0
12/25/2009,10546.97,10546.97,10476.65,10494.71,0
12/24/2009,10413.37,10558.41,10413.37,10536.92,0
12/22/2009,10256,10378.03,10235.22,10378.03,0
12/21/2009,10196.71,10215.49,10183.47,10183.47,0
12/18/2009,10110.64,10157.25,10027.85,10142.05,0
12/17/2009,10199.92,10260.12,10163.8,10163.8,0
12/16/2009,10179.33,10222.22,10117.12,10177.41,0
12/15/2009,10053.45,10111.76,10033.9,10083.48,0
12/14/2009,10126.61,10126.61,10009.6,10105.68,0
12/11/2009,9958,10107.87,9916.21,10107.87,0
12/10/2009,9964.05,10035.92,9834.22,9862.82,0
12/09/2009,10048.94,10048.94,9985.97,10004.72,0
12/08/2009,10079.81,10149.32,10079.81,10140.47,0
12/07/2009,10131.9,10204.58,10106.31,10167.6,0
12/04/2009,10019.24,10022.59,9902.83,10022.59,0
12/03/2009,9707.02,9977.67,9707.02,9977.67,0
12/02/2009,9551.79,9643.32,9514.15,9608.94,0
12/01/2009,9281.82,9572.2,9233.2,9572.2,0
11/30/2009,9189.17,9353.74,9162.18,9345.55,0
11/27/2009,9257.2,9257.2,9076.41,9081.52,0
11/26/2009,9354.8,9457.24,9324.99,9383.24,0
11/25/2009,9381.9,9453.7,9366.33,9441.64,0
11/24/2009,9511,9511,9397.79,9401.58,0
11/20/2009,9460.21,9513.6,9423.66,9497.68,0
11/19/2009,9691.86,9691.86,9496.07,9549.47,0
11/18/2009,9723.23,9788.81,9631.83,9676.8,0
11/17/2009,9834.58,9847.64,9715.28,9729.93,0
11/16/2009,9784.14,9802.53,9725.81,9791.18,0
11/13/2009,9793.19,9805.2,9719.38,9770.31,0
11/12/2009,9921.45,9943.57,9788.49,9804.49,0
11/11/2009,9890.18,9949.71,9849.99,9871.68,0
11/10/2009,9904.68,9979.46,9857.1,9870.73,0
11/09/2009,9777.64,9845.9,9731.59,9808.99,0
11/06/2009,9812.73,9849.72,9767,9789.35,0
11/05/2009,9803.5,9825.82,9691.69,9717.44,0
11/04/2009,9785.28,9845,9767.91,9844.31,0
11/02/2009,9903.77,9904.61,9736.14,9802.95,0
10/30/2009,10006.84,10049.59,9984.33,10034.74,0
10/29/2009,9941.57,9945.41,9850.12,9891.1,0
10/28/2009,10182.14,10209.2,10060.39,10075.05,0
10/27/2009,10283.46,10290.92,10201.93,10212.46,0
10/26/2009,10271.84,10397.69,10250.84,10362.62,0
10/23/2009,10335.34,10364.17,10271.71,10282.99,0
10/22/2009,10251.09,10274.61,10159.66,10267.17,0
10/21/2009,10292.39,10350.45,10292.39,10333.39,0
10/20/2009,10329.3,10357.59,10307.59,10336.84,0
10/19/2009,10179.46,10264.44,10125.33,10236.51,0
10/16/2009,10276.4,10290.31,10216.14,10257.56,0
10/15/2009,10194.91,10272.62,10184.81,10238.65,0
10/14/2009,10096.01,10096.01,10016.24,10060.21,0
10/13/2009,10066.85,10116.72,10039.62,10076.56,0
10/09/2009,9893.63,10016.39,9857.39,10016.39,0
10/08/2009,9806.03,9863.34,9746.15,9832.47,0
10/07/2009,9750.24,9821.74,9735.68,9799.6,0
10/06/2009,9744.42,9744.42,9628.67,9691.8,0
10/05/2009,9733.07,9751.56,9669.31,9674.49,0
10/02/2009,9848.07,9852.17,9714.18,9731.87,0
10/01/2009,10072.64,10077.22,9965.06,9978.64,0
09/30/2009,10105.17,10138.04,10063.69,10133.23,0
09/29/2009,10089.11,10125.88,10059.87,10100.2,0
09/28/2009,10136.24,10151.6,9971.05,10009.52,0
09/25/2009,10395.45,10395.45,10228.6,10265.98,0
09/24/2009,10405.53,10566.98,10386.88,10544.22,0
09/18/2009,10379.21,10399.42,10292.5,10370.54,0
09/17/2009,10373.25,10443.8,10340.14,10443.8,0
09/16/2009,10288.72,10394.56,10247.24,10270.77,0
09/15/2009,10255.73,10292.47,10183.3,10217.62,0
09/14/2009,10388.32,10388.32,10170.74,10202.06,0
09/11/2009,10519.33,10522.23,10407.97,10444.33,0
09/10/2009,10385.35,10521.14,10382.99,10513.67,0
09/09/2009,10343.8,10390.25,10249.11,10312.14,0
09/08/2009,10353.51,10393.23,10300.5,10393.23,0
09/07/2009,10288.56,10326.45,10274.38,10320.94,0
09/04/2009,10256.49,10256.49,10143.26,10187.11,0
09/03/2009,10240.02,10290.83,10185.38,10214.64,0
09/02/2009,10378.08,10378.08,10215.6,10280.46,0
09/01/2009,10453.37,10577.19,10438.51,10530.06,0
08/31/2009,10608.16,10767,10423.9,10492.53,0
08/28/2009,10546.88,10560.44,10471.63,10534.14,0
08/27/2009,10570.78,10575.79,10400.83,10473.97,0
08/26/2009,10554.44,10668.74,10526.51,10639.71,0
08/25/2009,10515.57,10566.31,10469.69,10497.36,0
08/24/2009,10389.57,10591,10388.78,10581.05,0
08/21/2009,10375.22,10375.22,10142.22,10238.2,0
08/20/2009,10254.53,10407.3,10204.26,10383.41,0
08/19/2009,10269.97,10327.17,10195.11,10204,0
08/18/2009,10208.12,10325.06,10181.1,10284.96,0
08/17/2009,10521.02,10521.02,10268.61,10268.61,0
08/14/2009,10551.33,10630.38,10539.43,10597.33,0
08/13/2009,10508.09,10556.28,10489.12,10517.19,0
08/12/2009,10486.36,10526.35,10434.09,10435,0
08/11/2009,10514.74,10587.36,10512.21,10585.46,0
08/10/2009,10530.62,10585.37,10487.7,10524.26,0
08/07/2009,10365.71,10412.09,10249.04,10412.09,0
08/06/2009,10266.01,10426.14,10266.01,10388.09,0
08/05/2009,10405.05,10406.1,10252.53,10252.53,0
08/04/2009,10438.4,10479.19,10358.48,10375.01,0
08/03/2009,10355.23,10380.57,10322,10352.47,0
07/31/2009,10275.14,10359.07,10259.57,10356.83,0
07/30/2009,10155.71,10169.68,10067.51,10165.21,0
07/29/2009,10035.91,10161.95,10035.91,10113.24,0
07/28/2009,10116.89,10116.89,10049.63,10087.26,0
07/27/2009,10020.87,10179.59,10015.11,10088.66,0
07/24/2009,9909.4,9950.04,9863.87,9944.55,0
07/23/2009,9712.1,9861.29,9703.84,9792.94,0
07/22/2009,9642.79,9750.63,9608.77,9723.16,0
07/21/2009,9512.52,9652.02,9508.92,9652.02,0
07/17/2009,9413.86,9420.61,9360.59,9395.32,0
07/16/2009,9393.98,9489.67,9317.11,9344.16,0
07/15/2009,9307.45,9333.64,9250.73,9269.25,0
07/14/2009,9173.14,9284.38,9166.63,9261.81,0
07/13/2009,9242.13,9343.86,9050.33,9050.33,0
07/10/2009,9338.76,9370.15,9265.24,9287.28,0
07/09/2009,9342.33,9384.24,9291.06,9291.06,0
07/08/2009,9548.81,9557.39,9407.98,9420.75,0
07/07/2009,9713.62,9734.43,9619.68,9647.79,0
07/06/2009,9738.49,9771.76,9650.75,9680.87,0
07/03/2009,9751.69,9816.07,9691.16,9816.07,0
07/02/2009,9993.77,9993.77,9869.54,9876.15,0
07/01/2009,9889.34,10086.18,9874,9939.93,0
06/30/2009,9896.56,10000.3,9894.95,9958.44,0
06/29/2009,9866.28,9943.83,9748.73,9783.47,0
06/26/2009,9852.92,9893,9793.95,9877.39,0
06/25/2009,9628.18,9871.14,9619.02,9796.08,0
06/24/2009,9596.78,9624.41,9534.24,9590.32,0
06/23/2009,9695.76,9712.09,9511.45,9549.61,0
06/22/2009,9788.07,9887.13,9763.37,9826.27,0
06/19/2009,9757.85,9822.83,9703.87,9786.26,0
06/18/2009,9778.35,9778.35,9649.83,9703.72,0
06/17/2009,9705.73,9845.52,9705.73,9840.85,0
06/16/2009,9914.4,9941.5,9752.88,9752.88,0
06/15/2009,10126.55,10126.55,10029.59,10039.67,0
06/12/2009,10088.21,10170.82,10050.96,10135.82,0
06/11/2009,9992.98,10022.23,9958.98,9981.33,0
06/10/2009,9833.64,9991.49,9813.77,9991.49,0
06/09/2009,9824.17,9855.89,9755.81,9786.82,0
06/08/2009,9829.28,9914.07,9816.17,9865.63,0
06/05/2009,9752.51,9774.98,9719.14,9768.01,0
06/04/2009,9690.93,9743.46,9654.45,9668.96,0
06/03/2009,9723.82,9774.55,9718.7,9741.67,0
06/02/2009,9774.55,9793.47,9704.31,9704.31,0
06/01/2009,9517.49,9691.73,9491.26,9677.75,0
05/29/2009,9478.21,9522.5,9426.52,9522.5,0
05/28/2009,9353.33,9492.66,9353.33,9451.39,0
05/27/2009,9426.62,9491.13,9411.54,9438.77,0
05/26/2009,9364.22,9379.78,9231.93,9310.81,0
05/25/2009,9245.95,9402.76,9245.95,9347,0
05/22/2009,9156.14,9267.82,9126.69,9225.81,0
05/21/2009,9280.35,9286.35,9189.92,9264.15,0
05/20/2009,9372.72,9399.4,9311.61,9344.64,0
05/19/2009,9172.56,9326.75,9166.97,9290.29,0
05/18/2009,9167.05,9167.82,8997.74,9038.69,0
05/15/2009,9150.21,9272.08,9140.9,9265.02,0
05/14/2009,9212.3,9223.77,9052.41,9093.73,0
05/13/2009,9305.79,9379.47,9278.89,9340.49,0
05/12/2009,9358.25,9389.61,9298.61,9298.61,0
05/11/2009,9460.72,9503.91,9342.75,9451.98,0
05/08/2009,9351.4,9464.43,9349.57,9432.83,0
05/07/2009,9102.35,9385.7,9100.11,9385.7,0
05/01/2009,8848.84,9017.32,8827.13,8977.37,0
04/30/2009,8615.45,8844.77,8615.45,8828.26,0
04/28/2009,8678.28,8808.64,8493.77,8493.77,0
04/27/2009,8783.34,8840.53,8648.51,8726.34,0
04/24/2009,8832.1,8852.83,8694.92,8707.99,0
04/23/2009,8776.94,8860.55,8647.8,8847.01,0
04/22/2009,8777.53,8802.9,8683.27,8727.3,0
04/21/2009,8802.09,8802.09,8612.76,8711.33,0
04/20/2009,8899.59,8933.8,8813.72,8924.75,0
04/17/2009,8854.33,8953.34,8834.63,8907.58,0
04/16/2009,8848.43,9030,8720.62,8755.26,0
04/15/2009,8777.68,8800.52,8681.03,8742.96,0
04/14/2009,8955.9,8961.73,8749.92,8842.68,0
04/13/2009,8930.35,9024.45,8888.1,8924.43,0
04/10/2009,9041.23,9068.8,8856.69,8964.11,0
04/09/2009,8665.16,8920.86,8664.26,8916.06,0
04/08/2009,8746.73,8765.64,8556.75,8595.01,0
04/07/2009,8838.66,8884.45,8778.92,8832.85,0
04/06/2009,8856.84,8992.06,8812.36,8857.93,0
04/03/2009,8814.1,8884.63,8697.17,8749.84,0
04/02/2009,8453.73,8741.67,8449.87,8719.78,0
04/01/2009,8173.36,8351.91,8084.62,8351.91,0
03/31/2009,8199.43,8383.74,8088.45,8109.53,0
03/30/2009,8621.85,8651.06,8236.08,8236.08,0
03/27/2009,8711.72,8843.18,8626.97,8626.97,0
03/26/2009,8430.22,8640.28,8383.99,8636.33,0
03/25/2009,8499.69,8553.01,8392.56,8479.99,0
03/24/2009,8334.68,8504.41,8297.27,8488.3,0
03/23/2009,7943.14,8229.13,7922.55,8215.53,0
03/19/2009,8017.93,8034.09,7902.49,7945.96,0
03/18/2009,8006.86,8054.35,7895.28,7972.17,0
03/17/2009,7767.34,7967.03,7723.94,7949.13,0
03/16/2009,7630.2,7754.75,7630.2,7704.15,0
03/13/2009,7301.12,7571.45,7300.87,7569.28,0
03/12/2009,7320.45,7345.02,7198.25,7198.25,0
03/11/2009,7165.39,7393.81,7161.85,7376.12,0
03/10/2009,7059.77,7100.77,7021.28,7054.98,0
03/09/2009,7191.13,7241.02,7028.49,7086.03,0
03/06/2009,7328.29,7328.29,7167.07,7173.1,0
03/05/2009,7336.02,7532.87,7336.02,7433.49,0
03/04/2009,7146.71,7320.65,7104.63,7290.96,0
03/03/2009,7177.79,7288.14,7088.47,7229.72,0
03/02/2009,7454.28,7454.28,7234.96,7280.15,0
02/27/2009,7463.42,7589.77,7414.4,7568.42,0
02/26/2009,7470.6,7599.81,7433.06,7457.93,0
02/25/2009,7368.44,7471.03,7330.44,7461.22,0
02/24/2009,7266.68,7270.9,7155.16,7268.56,0
02/23/2009,7314.3,7417.18,7209.43,7376.16,0
02/20/2009,7544.07,7554.7,7382.33,7416.38,0
02/19/2009,7604.22,7642.69,7537.56,7557.65,0
02/18/2009,7539.96,7565.79,7479.18,7534.44,0
02/17/2009,7690.13,7710.43,7615.94,7645.51,0
02/16/2009,7732.68,7804.24,7694.73,7750.17,0
02/13/2009,7789.35,7887.74,7730.27,7779.4,0
02/12/2009,7842.53,7862.52,7685.68,7705.36,0
02/10/2009,8066.94,8124.79,7917.27,7945.94,0
02/09/2009,8178.07,8257.71,7969.03,7969.03,0
02/06/2009,8054.27,8169.04,8033.24,8076.62,0
02/05/2009,7985.53,8093.96,7901.04,7949.65,0
02/04/2009,7897.24,8084.97,7863.65,8038.94,0
02/03/2009,7862.95,8084.41,7800.8,7825.51,0
02/02/2009,7908.51,7955.75,7795.27,7873.98,0
01/30/2009,8142.88,8142.88,7922.39,7994.05,0
01/29/2009,8201.16,8305.38,8138.99,8251.24,0
01/28/2009,8052.25,8171.63,7936.59,8106.29,0
01/27/2009,7782.9,8115.15,7782.07,8061.07,0
01/26/2009,7714.26,7807.16,7671.04,7682.14,0
01/23/2009,7965.41,7965.41,7745.25,7745.25,0
01/22/2009,7988.3,8051.74,7809.89,8051.74,0
01/21/2009,7949.96,8009.22,7829.3,7901.64,0
01/20/2009,8187.14,8190.42,7962.46,8065.79,0
01/19/2009,8318.26,8351.68,8221.84,8256.85,0
01/16/2009,8125.2,8283.91,8067.47,8230.15,0
01/15/2009,8309.38,8309.38,7997.73,8023.31,0
01/14/2009,8425.75,8516.07,8359.16,8438.45,0
01/13/2009,8732.63,8732.93,8405.5,8413.91,0
01/09/2009,8932.71,8956.85,8773.2,8836.8,0
01/08/2009,9143.21,9148.83,8876.42,8876.42,0
01/07/2009,9133.8,9325.35,9106.05,9239.24,0
01/06/2009,9130.01,9171.03,9029.94,9080.84,0
01/05/2009,8991.21,9127.38,8987.36,9043.12,0
