Date,Open,High,Low,Close,Volume
12/30/2013,16269.22,16320.22,16182.71,16291.31,0
12/27/2013,16229.43,16232.69,16056.73,16178.94,0
12/26/2013,16087.07,16186.04,16082.28,16174.44,0
12/24/2013,15955.9,16029.65,15849,15889.33,0
12/20/2013,15790.69,15870.42,15755.36,15870.42,0
12/19/2013,15809.43,15891.82,15798.85,15859.22,0
12/18/2013,15273.24,15588.42,15268.18,15587.8,0
12/17/2013,15290.22,15322.13,15248.42,15278.63,0
12/16/2013,15408.35,15408.35,15146.13,15152.91,0
12/13/2013,15316.89,15532.94,15251.45,15403.11,0
12/12/2013,15377.32,15392.66,15255.36,15341.82,0
12/11/2013,15509.93,15562.3,15386.11,15515.06,0
12/10/2013,15633.97,15633.97,15562.06,15611.31,0
12/09/2013,15556.6,15650.21,15547.29,15650.21,0
12/06/2013,15112.54,15327.37,15112.54,15299.86,0
12/05/2013,15354.53,15430.2,15139.12,15177.49,0
12/04/2013,15520.2,15579.36,15326.06,15407.94,0
12/03/2013,15747.54,15794.15,15661.9,15749.66,0
12/02/2013,15659.74,15703.02,15579.54,15655.07,0
11/29/2013,15661.43,15727.96,15507.17,15661.87,0
11/28/2013,15622.19,15729.09,15605.73,15727.12,0
11/27/2013,15414.52,15512.76,15414.52,15449.63,0
11/26/2013,15501.95,15577.97,15460.97,15515.24,0
11/25/2013,15504.78,15619.13,15469.87,15619.13,0
11/22/2013,15513.45,15579.39,15307.44,15381.72,0
11/21/2013,15176.65,15377,15168.47,15365.6,0
11/20/2013,15176.35,15209.67,15069.98,15076.08,0
11/19/2013,15096.63,15163.06,15020.33,15126.56,0
11/18/2013,15253.24,15273.61,15106.82,15164.3,0
11/15/2013,15034.33,15203.11,14994.7,15165.92,0
11/14/2013,14665.75,14966.43,14665.75,14876.41,0
11/13/2013,14527.97,14599.53,14490.92,14567.16,0
11/12/2013,14289.87,14588.68,14278.21,14588.68,0
11/11/2013,14271.48,14304.29,14208.13,14269.84,0
11/08/2013,14026.17,14122.28,14026.17,14086.8,0
11/07/2013,14355.56,14371.56,14222.03,14228.44,0
11/06/2013,14155.34,14407.69,14130.86,14337.31,0
11/05/2013,14319.75,14323.24,14141.82,14225.37,0
11/01/2013,14403.07,14411.05,14126.41,14201.57,0
10/31/2013,14474.01,14516.08,14324.17,14327.94,0
10/30/2013,14464.67,14526.88,14425.58,14502.35,0
10/29/2013,14288.72,14395.96,14224.59,14325.98,0
10/28/2013,14261.65,14400.32,14194.42,14396.04,0
10/25/2013,14439.14,14442.12,14088.19,14088.19,0
10/24/2013,14344.74,14499.52,14273.71,14486.41,0
10/23/2013,14784.41,14799.28,14426.05,14426.05,0
10/22/2013,14677.08,14747.77,14641.78,14713.25,0
10/21/2013,14624.03,14727.85,14624.03,14693.57,0
10/18/2013,14589.6,14610.09,14503.09,14561.54,0
10/17/2013,14640.08,14664.22,14492.67,14586.51,0
10/16/2013,14433.64,14493.67,14417.61,14467.14,0
10/15/2013,14510.27,14510.37,14415.76,14441.54,0
10/11/2013,14376.89,14447.87,14320.3,14404.74,0
10/10/2013,14097.62,14200.31,14077.03,14194.71,0
10/09/2013,13789.89,14037.84,13751.85,14037.84,0
10/08/2013,13794.74,13929.64,13748.94,13894.61,0
10/07/2013,14057.79,14073.23,13841.93,13853.32,0
10/04/2013,14029.73,14149.77,13944.27,14024.31,0
10/03/2013,14140.11,14219.89,14082.31,14157.25,0
10/02/2013,14492.47,14569.2,14114.54,14170.49,0
10/01/2013,14517.98,14642.97,14471.7,14484.72,0
09/30/2013,14530.62,14619.24,14425.82,14455.8,0
09/27/2013,14803.99,14817.5,14699.21,14760.07,0
09/26/2013,14553.06,14799.12,14410.52,14799.12,0
09/25/2013,14713.03,14737.98,14620.53,14620.53,0
09/24/2013,14626.04,14767.72,14607.27,14732.61,0
09/20/2013,14801.64,14816.65,14702.25,14742.42,0
09/19/2013,14680.4,14766.18,14581.79,14766.18,0
09/18/2013,14411.55,14625.97,14396.41,14505.36,0
09/17/2013,14456.99,14474.53,14311.67,14311.67,0
09/13/2013,14316.7,14439.93,14233.12,14404.67,0
09/12/2013,14397.9,14455.37,14321.57,14387.27,0
09/11/2013,14511.74,14561.46,14422.72,14425.07,0
09/10/2013,14318.72,14441.81,14296.78,14423.36,0
09/09/2013,14141.67,14251.46,14117.68,14205.23,0
09/06/2013,14088.41,14099.13,13834.52,13860.81,0
09/05/2013,14140.2,14156.5,13981.52,14064.82,0
09/04/2013,13875.17,14056.88,13843.61,14053.87,0
09/03/2013,13748.68,13978.44,13748.68,13978.44,0
09/02/2013,13438.07,13613.48,13407.53,13572.92,0
08/30/2013,13573.24,13615.98,13335.91,13388.86,0
08/29/2013,13382.95,13463.14,13364.82,13459.71,0
08/28/2013,13285.03,13392.57,13188.14,13338.46,0
08/27/2013,13551.75,13678.79,13517.1,13542.37,0
08/26/2013,13719.56,13741.49,13586.84,13636.28,0
08/23/2013,13583.76,13774.66,13575.4,13660.55,0
08/22/2013,13314.05,13447.33,13238.73,13365.17,0
08/21/2013,13431.28,13499.99,13250.36,13424.33,0
08/20/2013,13632.96,13730.09,13383.18,13396.38,0
08/19/2013,13669.74,13758.13,13589.78,13758.13,0
08/16/2013,13532.61,13739.52,13532.61,13650.11,0
08/15/2013,13845.64,13981.16,13711.12,13752.94,0
08/14/2013,13936.74,14050.16,13747.18,14050.16,0
08/13/2013,13696.36,13867,13689.49,13867,0
08/12/2013,13469.7,13658.86,13430.64,13519.43,0
08/09/2013,13673.49,13754.96,13527.81,13615.19,0
08/08/2013,13779.47,14031.14,13556.65,13605.56,0
08/07/2013,14155.95,14164.7,13824.94,13824.94,0
08/06/2013,14237.1,14401.06,14031.61,14401.06,0
08/05/2013,14318.21,14370.98,14225.5,14258.04,0
08/02/2013,14178.66,14466.16,14146.92,14466.16,0
08/01/2013,13674.5,14005.77,13645.61,14005.77,0
07/31/2013,13733.55,13836.03,13644.21,13668.32,0
07/30/2013,13634.2,13909.45,13613.78,13869.82,0
07/29/2013,13899.27,13953.85,13661.13,13661.13,0
07/26/2013,14339.39,14376.01,14114.52,14129.98,0
07/25/2013,14747.21,14748.77,14533.21,14562.93,0
07/24/2013,14719.64,14751.87,14630.68,14731.28,0
07/23/2013,14555.36,14820.18,14549.06,14778.51,0
07/22/2013,14770.02,14770.02,14514.29,14658.04,0
07/19/2013,14909.76,14953.29,14413.28,14589.91,0
07/18/2013,14645.25,14827.73,14645.25,14808.5,0
07/17/2013,14491.8,14615.04,14460.56,14615.04,0
07/16/2013,14594.88,14638.8,14550.89,14599.12,0
07/12/2013,14475.17,14574.17,14417.3,14506.25,0
07/11/2013,14275.26,14496.67,14275.26,14472.58,0
07/10/2013,14464.8,14555.3,14287.6,14416.6,0
07/09/2013,14295.4,14472.9,14186,14472.9,0
07/08/2013,14491,14497.6,14109.3,14109.3,0
07/05/2013,14150.8,14309.9,14149.5,14309.9,0
07/04/2013,13970.2,14093,13962.3,14018.9,0
07/03/2013,14149.9,14164.7,13984,14055.5,0
07/02/2013,13969.1,14098.7,13898.5,14098.7,0
07/01/2013,13746.7,13862.7,13562.7,13852.5,0
06/28/2013,13383.9,13724.4,13354.7,13677.3,0
06/27/2013,12968.7,13213.5,12873.5,13213.5,0
06/26/2013,13152.7,13189.8,12826.5,12834,0
06/25/2013,13081.6,13234.8,12758.2,12969.3,0
06/24/2013,13417.5,13426.1,13026.2,13062.7,0
06/21/2013,12787.8,13330.3,12702.6,13230.1,0
06/20/2013,13101.8,13190.8,12966.4,13014.5,0
06/19/2013,13233,13296.6,13107.6,13245.2,0
06/18/2013,13015.1,13139.4,12919,13007.2,0
06/17/2013,12584.3,13033.1,12549.8,13033.1,0
06/14/2013,12668.9,12900.6,12629.3,12686.5,0
06/13/2013,13038,13050.1,12415.8,12445.3,0
06/12/2013,13087.6,13332.7,12994,13289.3,0
06/11/2013,13504.7,13584.3,13296.3,13317.6,0
06/10/2013,13141.8,13514.2,13141.3,13514.2,0
06/07/2013,12706.4,13106.2,12548.2,12877.5,0
06/06/2013,12925.2,13238.5,12862,12904,0
06/05/2013,13566.7,13711.4,13011.1,13014.8,0
06/04/2013,13186.6,13610.2,13060.9,13533.7,0
06/03/2013,13551.3,13562.8,13261.8,13261.8,0
05/31/2013,13804.2,13916.5,13681.3,13774.5,0
05/30/2013,14072.9,14098.1,13555.6,13589,0
05/29/2013,14492.5,14512.2,14243.4,14326.4,0
05/28/2013,13943.6,14399.7,13943.6,14311.9,0
05/27/2013,14373.8,14381.2,14027.4,14142.6,0
05/24/2013,14731.7,15007.5,13981.5,14612.4,0
05/23/2013,15739.9,15942.6,14483.9,14483.9,0
05/22/2013,15440.6,15706.6,15432.6,15627.2,0
05/21/2013,15264.7,15388.3,15264.4,15381,0
05/20/2013,15260.6,15381.7,15245.8,15360.8,0
05/17/2013,14926.4,15157.3,14902.3,15138.1,0
05/16/2013,15146,15155.7,14879.5,15037.2,0
05/15/2013,14962.3,15108.8,14956.3,15096,0
05/14/2013,14822.5,14839.7,14755,14758.4,0
05/13/2013,14759.5,14849,14727.7,14782.2,0
05/10/2013,14449.2,14636.8,14426.7,14607.5,0
05/09/2013,14366.9,14409.8,14191.4,14191.4,0
05/08/2013,14196.2,14421.3,14186.8,14285.6,0
05/07/2013,13960,14196.3,13951.8,14180.2,0
05/02/2013,13727.2,13780.4,13637.9,13694,0
05/01/2013,13837.7,13844.8,13782,13799.3,0
04/30/2013,13854.8,13897,13778.7,13860.8,0
04/26/2013,13978.9,13983.8,13852.2,13884.1,0
04/25/2013,13887.5,13974.2,13827.9,13926,0
04/24/2013,13687.2,13843.4,13686.7,13843.4,0
04/23/2013,13545.6,13585.3,13505.5,13529.6,0
04/22/2013,13537.1,13611.5,13529.4,13568.3,0
04/19/2013,13268.4,13338.7,13186.8,13316.4,0
04/18/2013,13272.2,13377.7,13200.8,13220,0
04/17/2013,13330.5,13397.5,13318.6,13382.8,0
04/16/2013,13023.9,13312.2,13004.4,13221.4,0
04/15/2013,13345.8,13408.2,13257.8,13275.6,0
04/12/2013,13568.2,13568.2,13402.8,13485.1,0
04/11/2013,13444.9,13549.1,13384.1,13549.1,0
04/10/2013,13177.3,13325.1,13177.3,13288.1,0
04/09/2013,13309.1,13331.3,13151.7,13192.3,0
04/08/2013,13082.6,13225.2,13080.2,13192.5,0
04/05/2013,12880.8,13225.6,12831.1,12833.6,0
04/04/2013,12188.2,12634.5,12075.9,12634.5,0
04/03/2013,12112,12362.2,12102,12362.2,0
04/02/2013,12051.5,12107.4,11805.7,12003.4,0
04/01/2013,12371.3,12384.8,12133,12135,0
03/29/2013,12405.5,12425.9,12319.7,12397.9,0
03/28/2013,12457.1,12462.8,12286.3,12335.9,0
03/27/2013,12476.5,12502.2,12442.3,12493.7,0
03/26/2013,12461.7,12540.1,12456,12471.6,0
03/25/2013,12507.6,12594.3,12480.4,12546.4,0
03/22/2013,12498.5,12522,12338.5,12338.5,0
03/21/2013,12592,12650.2,12586,12635.6,0
03/19/2013,12405.6,12491.1,12401.1,12468.2,0
03/18/2013,12365.4,12373.1,12220.6,12220.6,0
03/15/2013,12437.6,12560.9,12434.4,12560.9,0
03/14/2013,12332.1,12395.7,12248.6,12381.1,0
03/13/2013,12252.2,12339.4,12234.4,12239.6,0
03/12/2013,12433.6,12461.9,12314.8,12314.8,0
03/11/2013,12363,12403.9,12300.8,12349,0
03/08/2013,12066.5,12283.6,12065,12283.6,0
03/07/2013,12037.2,12069.6,11946,11968,0
03/06/2013,11811,11933.8,11803,11932.2,0
03/05/2013,11732.5,11779.4,11666.3,11683.4,0
03/04/2013,11695.4,11767.6,11613.5,11652.2,0
03/01/2013,11464.7,11648.6,11464.7,11606.3,0
02/28/2013,11396.7,11563.7,11392.5,11559.3,0
02/27/2013,11418.5,11419.6,11253.9,11253.9,0
02/26/2013,11449.6,11520.2,11374.8,11398.8,0
02/25/2013,11564.5,11662.5,11562.1,11662.5,0
02/22/2013,11238.7,11390.6,11175.6,11385.9,0
02/21/2013,11404.7,11442.1,11301.7,11309.1,0
02/20/2013,11485.6,11510.5,11440.1,11468.2,0
02/19/2013,11336.4,11412.8,11336.4,11372.3,0
02/18/2013,11318.2,11445.4,11308.8,11407.8,0
02/15/2013,11239.2,11261.5,11065,11173.8,0
02/14/2013,11273.4,11356.5,11243.4,11307.2,0
02/13/2013,11333.7,11365.2,11196.6,11251.4,0
02/12/2013,11346.7,11460.6,11343.4,11369.1,0
02/08/2013,11179.9,11299.7,11135.8,11153.1,0
02/07/2013,11406.3,11446.8,11295.6,11357,0
02/06/2013,11236.7,11498.4,11232,11463.7,0
02/05/2013,11105.2,11170.8,11046.9,11046.9,0
02/04/2013,11254.1,11285.4,11194.7,11260.3,0
02/01/2013,11193.7,11237.8,11142.2,11191.3,0
01/31/2013,11057.5,11145.3,11007.7,11138.6,0
01/30/2013,10913.9,11113.9,10905.6,11113.9,0
01/29/2013,10751,10937.6,10751,10866.7,0
01/28/2013,11002.8,11002.8,10824.3,10824.3,0
01/25/2013,10797.3,10926.6,10790.9,10926.6,0
01/24/2013,10441.1,10634.7,10441.1,10620.8,0
01/23/2013,10575.6,10663,10486.9,10486.9,0
01/22/2013,10765.1,10859.4,10615.2,10709.9,0
01/21/2013,10941.4,10941.4,10747.7,10747.7,0
01/18/2013,10791.9,10913.3,10787.1,10913.3,0
01/17/2013,10660.9,10694.8,10432.9,10609.6,0
01/16/2013,10806.4,10806.4,10591.3,10600.4,0
01/15/2013,10914.6,10952.3,10851.6,10879,0
01/11/2013,10786.1,10830.4,10748,10801.5,0
01/10/2013,10635.1,10686.1,10619.6,10652.6,0
01/09/2013,10405.6,10620.7,10398.6,10578.5,0
01/08/2013,10544.2,10602.1,10463.4,10508,0
01/07/2013,10743.6,10743.6,10589.7,10599,0
01/04/2013,10604.5,10734.2,10602.2,10688.1,0
