Date,Open,High,Low,Close,Volume
12/30/2010,10303.1,10315.4,10209.9,10228.9,0
12/29/2010,10282.8,10344.5,10276.6,10344.5,0
12/28/2010,10330,10340.8,10292.6,10292.6,0
12/27/2010,10292.8,10376.9,10292.8,10355.9,0
12/24/2010,10275.9,10290.8,10264,10279.1,0
12/22/2010,10348.4,10394.2,10327.6,10346.4,0
12/21/2010,10277.1,10372.5,10266.2,10370.5,0
12/20/2010,10296.5,10301.1,10182.7,10216.4,0
12/17/2010,10307.1,10327.4,10280.8,10303.8,0
12/16/2010,10297.5,10347.3,10282.5,10311.2,0
12/15/2010,10338.1,10340.6,10282.8,10309.7,0
12/14/2010,10272.7,10319.2,10267.2,10316.7,0
12/13/2010,10212.5,10293.8,10199.7,10293.8,0
12/10/2010,10373.7,10373.7,10194.2,10211.9,0
12/09/2010,10277.8,10298.2,10240.1,10285.8,0
12/08/2010,10200.1,10258.9,10184.3,10232.3,0
12/07/2010,10152.9,10167.1,10094.4,10141.1,0
12/06/2010,10175.2,10179.8,10143.5,10167.2,0
12/03/2010,10231.7,10254,10154.9,10178.3,0
12/02/2010,10151.1,10187.5,10143,10168.5,0
12/01/2010,9939.8,9988.05,9918.55,9988.05,0
11/30/2010,10070.3,10101.4,9937.04,9937.04,0
11/29/2010,10075.6,10149.9,10044,10125.9,0
11/26/2010,10078,10134.6,10039.5,10039.5,0
11/25/2010,10117.8,10123.2,10038.7,10079.7,0
11/24/2010,9942.54,10064.3,9904.92,10030.1,0
11/22/2010,10133.4,10157.9,10091.9,10115.1,0
11/19/2010,10124.8,10130.2,10019,10022.3,0
11/18/2010,9820.6,10013.6,9798.56,10013.6,0
11/17/2010,9693.21,9817.37,9693.21,9811.66,0
11/16/2010,9892.82,9908.3,9774.12,9797.1,0
11/15/2010,9782.11,9830.59,9744.99,9827.51,0
11/12/2010,9810.3,9851.42,9724.81,9724.81,0
11/11/2010,9878.11,9885.37,9834.82,9861.46,0
11/10/2010,9748.61,9842.9,9747.03,9830.52,0
11/09/2010,9667.44,9726.6,9659.86,9694.49,0
11/08/2010,9699.79,9737.01,9677.87,9732.92,0
11/05/2010,9500.6,9680.68,9497.45,9625.99,0
11/04/2010,9282.79,9377.76,9276.71,9358.78,0
11/02/2010,9140.28,9172.03,9123.62,9159.98,0
11/01/2010,9166.85,9258.32,9134.47,9154.72,0
10/29/2010,9327.25,9337.92,9179.15,9202.45,0
10/28/2010,9368.61,9413.68,9350.44,9366.03,0
10/27/2010,9436.01,9453.79,9329.86,9387.03,0
10/26/2010,9386.55,9455.04,9362.13,9377.38,0
10/25/2010,9424.44,9460.7,9392.68,9401.16,0
10/22/2010,9404.09,9457.62,9390.14,9426.71,0
10/21/2010,9443.95,9479.25,9326.78,9376.48,0
10/20/2010,9399.65,9402.05,9316.97,9381.6,0
10/19/2010,9490.09,9575.14,9489.68,9539.45,0
10/18/2010,9517.68,9564.85,9471.48,9498.49,0
10/15/2010,9551.21,9553.57,9478.64,9500.25,0
10/14/2010,9515.17,9614.44,9481.51,9583.51,0
10/13/2010,9473.78,9510.19,9393.52,9403.51,0
10/12/2010,9648.59,9650.2,9387.73,9388.64,0
10/08/2010,9675.59,9675.59,9588.88,9588.88,0
10/07/2010,9661.09,9716.92,9649.17,9684.81,0
10/06/2010,9588.47,9693.74,9567,9691.43,0
10/05/2010,9337.43,9538.35,9332.19,9518.76,0
10/04/2010,9410.92,9508.36,9358.82,9381.06,0
10/01/2010,9440.52,9470.36,9358.62,9404.23,0
09/30/2010,9554.83,9566.84,9369.35,9369.35,0
09/29/2010,9530.05,9600.93,9502.34,9559.38,0
09/28/2010,9547.03,9553.91,9471.35,9495.76,0
09/27/2010,9557.37,9613.47,9539.12,9603.14,0
09/24/2010,9435.04,9601.77,9415.96,9471.67,0
09/22/2010,9563.2,9625.41,9546.82,9566.32,0
09/21/2010,9700.88,9704.25,9579.83,9602.11,0
09/17/2010,9581.65,9643.28,9554.36,9626.09,0
09/16/2010,9613.89,9620.9,9479.63,9509.5,0
09/15/2010,9243.48,9578.53,9199.08,9516.56,0
09/14/2010,9319.5,9330.05,9258.18,9299.31,0
09/13/2010,9325.64,9390.9,9317.3,9321.82,0
09/10/2010,9132.25,9291.5,9132.25,9239.17,0
09/09/2010,9120.54,9136.26,9069.93,9098.39,0
09/08/2010,9098.86,9105.89,8997.63,9024.6,0
09/07/2010,9232.02,9311.02,9206.81,9226,0
09/06/2010,9199.99,9303,9173.38,9301.32,0
09/03/2010,9097.59,9141.09,9050.83,9114.13,0
09/02/2010,9069.62,9083.37,8958.81,9062.84,0
09/01/2010,8833.32,8932.15,8796.45,8927.02,0
08/31/2010,8998.8,9008.36,8819.26,8824.06,0
08/30/2010,9141.45,9280.7,9117.87,9149.26,0
08/27/2010,8811.47,9021.75,8810.46,8991.06,0
08/26/2010,8908.02,8910.62,8834.09,8906.48,0
08/25/2010,8904.44,8949.41,8807.41,8845.39,0
08/24/2010,9024.6,9069.22,8983.52,8995.14,0
08/23/2010,9147.24,9171.42,9090.96,9116.69,0
08/20/2010,9239.36,9287.5,9169.17,9179.38,0
08/19/2010,9242.84,9362.68,9242.84,9362.68,0
08/18/2010,9261.5,9280.59,9153.42,9240.54,0
08/17/2010,9089.85,9188.48,9084.24,9161.68,0
08/16/2010,9145.22,9210.97,9095.94,9196.67,0
08/13/2010,9214.81,9278.46,9163.25,9253.46,0
08/12/2010,9125.49,9212.59,9065.94,9212.59,0
08/11/2010,9423.03,9445.04,9283.6,9292.85,0
08/10/2010,9629.97,9667.04,9505.34,9551.05,0
08/09/2010,9535.51,9572.83,9523.63,9572.49,0
08/06/2010,9560.65,9658.04,9545.41,9642.12,0
08/05/2010,9640.34,9688.87,9578.31,9653.92,0
08/04/2010,9606.82,9613.13,9474.67,9489.34,0
08/03/2010,9716.57,9750.88,9632.86,9694.01,0
08/02/2010,9574.64,9676.41,9548.86,9570.31,0
07/30/2010,9658.61,9658.61,9505.64,9537.3,0
07/29/2010,9653.51,9732.76,9648.97,9696.02,0
07/28/2010,9614.47,9760.31,9614.47,9753.27,0
07/27/2010,9512.67,9541.59,9487.65,9496.85,0
07/26/2010,9520.73,9561.82,9493.61,9503.66,0
07/23/2010,9380.12,9474.11,9367.3,9430.96,0
07/22/2010,9216.28,9254.19,9176.12,9220.88,0
07/21/2010,9404.07,9404.07,9230.84,9278.83,0
07/20/2010,9267.24,9378.91,9247.76,9300.46,0
07/16/2010,9600.88,9636.84,9392.21,9408.36,0
07/15/2010,9701.14,9726.94,9667,9685.53,0
07/14/2010,9707.5,9807.36,9693.33,9795.24,0
07/13/2010,9592.87,9629.98,9502.24,9537.23,0
07/12/2010,9540.47,9632.89,9533.56,9548.11,0
07/09/2010,9601.62,9610.59,9516.97,9585.32,0
07/08/2010,9462.82,9545.99,9456.19,9535.74,0
07/07/2010,9322.56,9329.64,9223.8,9279.65,0
07/06/2010,9158.28,9351.11,9091.7,9338.04,0
07/05/2010,9230,9282.9,9213.79,9266.78,0
07/02/2010,9234.56,9259.14,9160.47,9203.71,0
07/01/2010,9296.86,9297.45,9147.68,9191.6,0
06/30/2010,9396.45,9420.14,9347.07,9382.64,0
06/29/2010,9718.4,9760.02,9548.98,9570.67,0
06/28/2010,9758.91,9762.23,9679.17,9693.94,0
06/25/2010,9778.7,9794.98,9697.87,9737.48,0
06/24/2010,9902.62,10009.3,9893.75,9928.34,0
06/23/2010,9973,9975.01,9912.8,9923.7,0
06/22/2010,10131.9,10183.8,10105.4,10112.8,0
06/21/2010,10109.2,10251.9,10109.2,10238,0
06/18/2010,10027.9,10029.1,9965.16,9995.02,0
06/17/2010,10009.2,10053.4,9989.21,9999.4,0
06/16/2010,10043.1,10109.8,10033.2,10067.1,0
06/15/2010,9845.65,9911.73,9826.44,9887.89,0
06/14/2010,9824.93,9882.05,9819.95,9879.85,0
06/11/2010,9701.32,9764.73,9673.6,9705.25,0
06/10/2010,9476.78,9544.04,9437.47,9542.65,0
06/09/2010,9475.57,9487.91,9378.23,9439.13,0
06/08/2010,9448.79,9587.65,9434.81,9537.94,0
06/07/2010,9705.36,9714.42,9502.62,9520.8,0
06/04/2010,9909.24,9962.42,9868.09,9901.19,0
06/03/2010,9758.82,9920.18,9758.82,9914.19,0
06/02/2010,9604.45,9763.41,9560.16,9603.24,0
06/01/2010,9747.26,9747.26,9658.44,9711.83,0
05/31/2010,9735.47,9831.73,9728.42,9768.7,0
05/28/2010,9806.06,9824.85,9699.14,9762.98,0
05/27/2010,9419.3,9642.16,9395.29,9639.72,0
05/26/2010,9567.35,9622.4,9477.45,9522.66,0
05/25/2010,9632.14,9642.6,9432.09,9459.89,0
05/24/2010,9754.99,9793.46,9693.07,9758.4,0
05/21/2010,9823.84,9829.36,9696.63,9784.54,0
05/20/2010,10121.8,10161.7,9999.59,10030.3,0
05/19/2010,10087.3,10186.8,10041.9,10186.8,0
05/18/2010,10313.1,10336.5,10197.7,10242.6,0
05/17/2010,10329.3,10331.8,10158.3,10235.7,0
05/14/2010,10453.4,10551.6,10390.7,10462.5,0
05/13/2010,10542.7,10638.2,10535.9,10620.5,0
05/12/2010,10465,10501.7,10345.1,10394,0
05/11/2010,10643.2,10643.2,10392.4,10411.1,0
05/10/2010,10399,10540.5,10362.3,10530.7,0
05/07/2010,10472.7,10472.7,10257.3,10364.5,0
05/06/2010,10847.9,10847.9,10682.6,10695.6,0
04/30/2010,11062.1,11092.5,11035.2,11057.4,0
04/28/2010,11005.5,11008.8,10882.4,10924.7,0
04/27/2010,11109.2,11213.4,11108.7,11212.6,0
04/26/2010,11039.5,11165.7,11035.6,11165.7,0
04/23/2010,10930.9,10967.1,10865.9,10914.4,0
04/22/2010,10988,10989.6,10866.2,10949,0
04/21/2010,11031.7,11093.3,11023.8,11090,0
04/20/2010,10960.1,10999.5,10890.8,10900.6,0
04/19/2010,10929.6,10953.9,10878.9,10908.7,0
04/16/2010,11230.5,11230.5,11084.7,11102.1,0
04/15/2010,11310,11316.6,11255.8,11273.7,0
04/14/2010,11213.4,11270.2,11161,11204.9,0
04/13/2010,11202.9,11212.6,11088.4,11161.2,0
04/12/2010,11300.7,11351.5,11248.5,11251.9,0
04/09/2010,11174.6,11204.8,11148.8,11204.3,0
04/08/2010,11179.6,11232.3,11159.4,11168.2,0
04/07/2010,11296.3,11350.5,11260.4,11292.8,0
04/06/2010,11350.7,11358.4,11217.2,11282.3,0
04/05/2010,11380.6,11408.1,11306.6,11339.3,0
04/02/2010,11274.1,11313.9,11235.9,11286,0
04/01/2010,11178.9,11272.7,11118.1,11244.4,0
03/31/2010,11138.7,11147.6,11085.5,11089.9,0
03/30/2010,11022.2,11108.8,11003.3,11097.1,0
03/29/2010,10909.9,10990.7,10901.2,10986.4,0
03/26/2010,10895.2,11001.5,10889.3,10996.3,0
03/25/2010,10857.8,10872.4,10808.7,10828.8,0
03/24/2010,10829.3,10880.6,10769.1,10815,0
03/23/2010,10793,10817.7,10766.6,10774.1,0
03/19/2010,10785.8,10826.7,10775.5,10824.7,0
03/18/2010,10841.7,10845.7,10731.6,10744,0
03/17/2010,10789.2,10864.3,10761.8,10846.9,0
03/16/2010,10718.6,10776.5,10716.2,10721.7,0
03/15/2010,10802.1,10808.8,10708.9,10751.9,0
03/12/2010,10777.4,10777.4,10699.3,10751.2,0
03/11/2010,10627.9,10664.9,10588.8,10664.9,0
03/10/2010,10555.8,10588.6,10547.3,10563.9,0
03/09/2010,10567.3,10593.2,10542.8,10567.6,0
03/08/2010,10538.1,10586.9,10514.2,10585.9,0
03/05/2010,10254.6,10376.4,10254.6,10368.9,0
03/04/2010,10255.6,10263.4,10134.3,10145.7,0
03/03/2010,10193.9,10274,10186.6,10253.1,0
03/02/2010,10199.1,10238.9,10150.3,10221.8,0
03/01/2010,10128.7,10215.1,10116.8,10172,0
02/26/2010,10107,10171.2,10085.1,10126,0
02/25/2010,10256.1,10267.4,10087.2,10101.9,0
02/24/2010,10205.1,10243.2,10129.6,10198.8,0
02/23/2010,10327.6,10375.5,10280.3,10352.1,0
02/22/2010,10302,10449.7,10298.1,10400.4,0
02/19/2010,10334.4,10354.4,10123.5,10123.5,0
02/18/2010,10324.9,10340.3,10285,10335.6,0
02/17/2010,10161.7,10306.8,10150.2,10306.8,0
02/16/2010,10044.5,10062.2,10019.4,10034.2,0
02/15/2010,10097.8,10119.4,10012.5,10013.3,0
02/12/2010,10085.3,10099.4,10014.5,10092.1,0
02/10/2010,10024.2,10049.8,9963.99,9963.99,0
02/09/2010,9876.61,9956.79,9867.39,9932.9,0
02/08/2010,10007.4,10063.5,9942.05,9951.82,0
02/05/2010,10162.3,10166.3,10036.3,10057,0
02/04/2010,10434.5,10438.4,10279.5,10355.9,0
02/03/2010,10428.1,10436.5,10356,10404.3,0
02/02/2010,10310.9,10396.4,10287.7,10371,0
02/01/2010,10212.3,10224.8,10129.9,10205,0
01/29/2010,10308,10324.3,10198,10198,0
01/28/2010,10309.7,10462.7,10296.9,10414.2,0
01/27/2010,10344,10373.8,10252,10252,0
01/26/2010,10506.1,10566.4,10324.9,10325.2,0
01/25/2010,10478.3,10557.6,10414.5,10512.6,0
01/22/2010,10740.2,10768,10528.3,10590.5,0
01/21/2010,10704.7,10886.6,10649.8,10868.4,0
01/20/2010,10834.9,10860.9,10724.5,10737.5,0
01/19/2010,10866.8,10866.8,10749.4,10764.9,0
01/18/2010,10887.6,10895.1,10781,10855,0
01/15/2010,10917.4,10982.1,10878.8,10982.1,0
01/14/2010,10778,10909.9,10774.2,10907.6,0
01/13/2010,10795.4,10866.6,10729.8,10735,0
01/12/2010,10770.3,10905.3,10763.6,10879.1,0
01/08/2010,10743.3,10816.4,10677.5,10798.3,0
01/07/2010,10742.7,10774,10636.6,10681.6,0
01/06/2010,10709.5,10768.6,10661.1,10731.4,0
01/05/2010,10719.4,10791,10655.5,10681.8,0
01/04/2010,10609.34,10694.49,10608.14,10654.79,0
