Date,Open,High,Low,Close,Volume
12/30/2008,8716.28,8859.56,8702.95,8859.56,0
12/29/2008,8726.31,8763.67,8638.6,8747.17,0
12/26/2008,8642.14,8740.76,8611.36,8739.52,0
12/25/2008,8531.51,8599.5,8531.16,8599.5,0
12/24/2008,8630.25,8631.83,8476.69,8517.1,0
12/22/2008,8602.5,8751.18,8593.76,8723.78,0
12/19/2008,8640.22,8743.22,8570.56,8588.52,0
12/18/2008,8565.16,8728.36,8534.84,8667.23,0
12/17/2008,8658.22,8741.24,8425.66,8612.52,0
12/16/2008,8608.4,8634.26,8471.24,8568.02,0
12/15/2008,8349.85,8700.17,8349.85,8664.66,0
12/12/2008,8599.12,8610.73,8087.99,8235.87,0
12/11/2008,8642.26,8720.55,8519.11,8720.55,0
12/10/2008,8376,8704.92,8376,8660.24,0
12/09/2008,8362.37,8499.6,8314.85,8395.87,0
12/08/2008,7970.69,8358.27,7959.01,8329.05,0
12/05/2008,7975.05,8024.33,7908.65,7917.51,0
12/04/2008,8030.2,8107.69,7849.84,7924.24,0
12/03/2008,7965.31,8056.38,7889.82,8004.1,0
12/02/2008,8266.32,8266.32,7863.69,7863.69,0
12/01/2008,8464.36,8464.36,8307.28,8397.22,0
11/28/2008,8400.05,8518.13,8336.57,8512.27,0
11/27/2008,8311.24,8458.68,8300.49,8373.39,0
11/26/2008,8229.72,8317.83,8149.56,8213.22,0
11/25/2008,8026.06,8356.83,8025.69,8323.93,0
11/21/2008,7600.35,7994.68,7406.18,7910.79,0
11/20/2008,8149.77,8149.79,7703.04,7703.04,0
11/19/2008,8309.35,8370.09,8115.71,8273.22,0
11/18/2008,8415.6,8440.41,8302.24,8328.41,0
11/17/2008,8366.88,8767.98,8218.82,8522.58,0
11/14/2008,8378.13,8689.85,8378.13,8462.39,0
11/13/2008,8564.47,8564.47,8148.3,8238.64,0
11/12/2008,8694.91,8782.48,8574.2,8695.51,0
11/11/2008,8965.29,9056.31,8704.56,8809.3,0
11/10/2008,8711.99,9106.29,8711.99,9081.43,0
11/07/2008,8774.49,8868.1,8266.09,8583,0
11/06/2008,9373.65,9380.3,8806.71,8899.14,0
11/05/2008,9224.05,9521.24,9216.3,9521.24,0
11/04/2008,8702.77,9142.29,8699.77,9114.6,0
10/31/2008,8958.22,9012.31,8576.98,8576.98,0
10/30/2008,8269.71,9030.85,8269.71,9029.76,0
10/29/2008,7741.52,8211.9,7741.52,8211.9,0
10/28/2008,7143.34,7626.42,6994.9,7621.92,0
10/27/2008,7568.36,7878.97,7141.27,7162.9,0
10/24/2008,8391.04,8391.04,7647.07,7649.08,0
10/23/2008,8547.79,8547.79,8016.61,8460.98,0
10/22/2008,9198.14,9198.14,8674.69,8674.69,0
10/21/2008,9139.26,9358.51,9135.41,9306.25,0
10/20/2008,8775.24,9038.45,8687.7,9005.59,0
10/17/2008,8579.57,8763.71,8539.51,8693.82,0
10/16/2008,9400.85,9400.85,8458.45,8458.45,0
10/15/2008,9390.5,9601.3,9269.49,9547.47,0
10/14/2008,8407.94,9455.62,8407.94,9447.57,0
10/10/2008,9016.34,9016.34,8115.41,8276.43,0
10/09/2008,9168.16,9443.45,9100.93,9157.49,0
10/08/2008,10011.64,10011.64,9159.81,9203.32,0
10/07/2008,10328.54,10363.14,9916.21,10155.9,0
10/06/2008,10817.27,10839.5,10374.38,10473.09,0
10/03/2008,11052.1,11099.73,10938.14,10938.14,0
10/02/2008,11423.13,11452.39,11143.79,11154.76,0
10/01/2008,11396.61,11456.64,11314.28,11368.26,0
09/30/2008,11565.7,11565.7,11160.83,11259.86,0
09/29/2008,11883.25,12062.67,11721.05,11743.61,0
09/26/2008,12026.34,12082.64,11788.73,11893.16,0
09/25/2008,11925.71,12025.41,11835.28,12006.53,0
09/24/2008,12031.98,12115.03,11904.6,12115.03,0
09/22/2008,12037.89,12263.95,12037.89,12090.59,0
09/19/2008,11631.6,11920.86,11615.2,11920.86,0
09/18/2008,11576.94,11577.88,11301.46,11489.3,0
09/17/2008,11737.62,11880.03,11708.7,11749.79,0
09/16/2008,12028.45,12028.45,11551.4,11609.72,0
09/12/2008,12256.78,12277.57,12059.09,12214.76,0
09/11/2008,12237.52,12259.02,12081.51,12102.5,0
09/10/2008,12249.14,12404.67,12159.97,12346.63,0
09/09/2008,12529.96,12529.96,12335.74,12400.65,0
09/08/2008,12359.93,12671.76,12352.35,12624.46,0
09/05/2008,12385.65,12385.65,12163.33,12212.23,0
09/04/2008,12627.64,12660.57,12514.26,12557.66,0
09/03/2008,12703.36,12767.5,12647.29,12689.59,0
09/02/2008,12779.89,12920.52,12491.07,12609.47,0
09/01/2008,12936.81,12940.55,12834.18,12834.18,0
08/29/2008,12925.45,13079.37,12918.49,13072.87,0
08/28/2008,12827.72,12847.46,12718.53,12768.25,0
08/27/2008,12734.39,12783.63,12681.98,12752.96,0
08/26/2008,12711.03,12801.21,12656.09,12778.71,0
08/25/2008,12797.54,12949.33,12797.54,12878.66,0
08/22/2008,12727.37,12732.69,12631.94,12666.04,0
08/21/2008,12885.34,12885.34,12723.83,12752.21,0
08/20/2008,12753.98,12923.66,12753.98,12851.69,0
08/19/2008,13016.5,13016.5,12782.1,12865.05,0
08/18/2008,12971.49,13270.37,12934.22,13165.45,0
08/15/2008,12991.91,13029.58,12952.21,13019.41,0
08/14/2008,12942.61,13090.68,12926.98,12956.8,0
08/13/2008,13205.64,13205.64,12953.34,13023.05,0
08/12/2008,13397.99,13420.1,13276.15,13303.6,0
08/11/2008,13259.46,13468.81,13259.46,13430.91,0
08/08/2008,13026.53,13259.73,12962.82,13168.41,0
08/07/2008,13257.99,13257.99,13034.15,13124.99,0
08/06/2008,13059.43,13295.51,13048.97,13254.89,0
08/05/2008,12957.01,13049.58,12893.34,12914.66,0
08/04/2008,13083.28,13113.94,12910.17,12933.18,0
08/01/2008,13276.57,13294.17,13039.21,13094.59,0
07/31/2008,13410.4,13467.67,13256.38,13376.81,0
07/30/2008,13267.37,13372.28,13264.08,13367.79,0
07/29/2008,13220.33,13220.33,13018.22,13159.45,0
07/28/2008,13407.36,13468.94,13327.12,13353.78,0
07/25/2008,13452.37,13469.83,13324.22,13334.76,0
07/24/2008,13411.28,13603.31,13393.57,13603.31,0
07/23/2008,13259.65,13388.63,13238.55,13312.93,0
07/22/2008,12944.56,13184.96,12921.02,13184.96,0
07/18/2008,12976.22,12999.64,12762.33,12803.7,0
07/17/2008,12889.8,12929.74,12852.93,12887.95,0
07/16/2008,12725.12,12815.4,12671.34,12760.8,0
07/15/2008,12902.13,12902.13,12715.81,12754.56,0
07/14/2008,13022.29,13185.9,12969.93,13010.16,0
07/11/2008,13063.5,13164.1,12918.22,13039.69,0
07/10/2008,12934.31,13139.85,12930.32,13067.21,0
07/09/2008,13169.89,13284.65,13038.77,13052.13,0
07/08/2008,13286.5,13294.97,12984.54,13033.1,0
07/07/2008,13212.8,13409.3,13169.55,13360.04,0
07/04/2008,13285.49,13288.55,13135.46,13237.89,0
07/03/2008,13161.78,13326.95,13118.89,13265.4,0
07/02/2008,13489.87,13489.87,13247.05,13286.37,0
07/01/2008,13514.86,13576.41,13448.35,13463.2,0
06/30/2008,13584.51,13598.48,13454.28,13481.38,0
06/27/2008,13605.26,13605.56,13453.35,13544.36,0
06/26/2008,13845.41,13950.56,13798.05,13822.32,0
06/25/2008,13820.78,13833.23,13635.68,13829.92,0
06/24/2008,13766.28,13877.49,13738.39,13849.56,0
06/23/2008,13769.44,13920.75,13667.84,13857.47,0
06/20/2008,14171.02,14190,13903.21,13942.08,0
06/19/2008,14324.71,14324.71,14069.16,14130.17,0
06/18/2008,14301.36,14469.99,14301.36,14452.82,0
06/17/2008,14387,14387,14299.67,14348.37,0
06/16/2008,14118.23,14369.09,14103.5,14354.37,0
06/13/2008,14011.12,14041.34,13810.38,13973.73,0
06/12/2008,14010.32,14010.32,13826.07,13888.6,0
06/11/2008,14137.54,14194.48,13993.57,14183.48,0
06/10/2008,14281.36,14308.89,13983.56,14021.17,0
06/09/2008,14275.34,14278.84,14117.79,14181.38,0
06/06/2008,14530.36,14601.27,14489.44,14489.44,0
06/05/2008,14392.59,14392.59,14262.02,14341.12,0
06/04/2008,14270.07,14435.57,14250.11,14435.57,0
06/03/2008,14275.61,14289.47,14127.75,14209.17,0
06/02/2008,14342.96,14461.03,14189.97,14440.14,0
05/30/2008,14195.66,14366.63,14192.17,14338.54,0
05/29/2008,13832.65,14147.89,13832.65,14124.47,0
05/28/2008,13937.14,13979.39,13665.57,13709.44,0
05/27/2008,13750.82,13931.23,13750.82,13893.31,0
05/26/2008,13875.98,13883.51,13670.92,13690.19,0
05/23/2008,13945.1,14157.24,13925.38,14012.2,0
05/22/2008,13772.65,13984.81,13658.02,13978.46,0
05/21/2008,14002.52,14041.24,13847.18,13926.3,0
05/20/2008,14220.12,14286.67,14121.92,14160.09,0
05/19/2008,14294.52,14343.19,14219.08,14269.61,0
05/16/2008,14363.62,14392.53,14194.91,14219.48,0
05/15/2008,14167.02,14352.84,14167.02,14251.74,0
05/14/2008,13961.96,14121.94,13877.4,14118.55,0
05/13/2008,13814.39,13976.92,13734.5,13953.73,0
05/12/2008,13565.91,13793.41,13540.68,13743.36,0
05/09/2008,13941.3,13946.51,13639.99,13655.34,0
05/08/2008,14008.19,14036.31,13930.28,13943.26,0
05/07/2008,14147.57,14208.67,14022.79,14102.48,0
05/02/2008,13944.26,14072.92,13944.26,14049.26,0
05/01/2008,13802.59,13884.63,13727.07,13766.86,0
04/30/2008,13802.94,13976.1,13766.24,13849.99,0
04/28/2008,13907.97,14003.28,13745.61,13894.37,0
04/25/2008,13614.53,13886.37,13614.53,13863.47,0
04/24/2008,13613.83,13654.78,13497.16,13540.87,0
04/23/2008,13455.56,13717.05,13449.04,13579.16,0
04/22/2008,13587.51,13608.17,13519.12,13547.82,0
04/21/2008,13639.85,13739.44,13639.77,13696.55,0
04/18/2008,13426.26,13485.04,13323.74,13476.45,0
04/17/2008,13315.83,13495.94,13313.06,13398.3,0
04/16/2008,13130.66,13222.43,13112.07,13146.13,0
04/15/2008,12952.65,13052.82,12875.92,12990.58,0
04/14/2008,13132.67,13132.67,12858.63,12917.51,0
04/11/2008,13061.77,13329.4,13040.35,13323.73,0
04/10/2008,13029.81,13062.46,12898.49,12945.3,0
04/09/2008,13295.16,13348.38,12998.54,13111.89,0
04/08/2008,13373.96,13402.91,13225.76,13250.43,0
04/07/2008,13240.56,13485.9,13228.86,13450.23,0
04/04/2008,13286.35,13360.81,13220,13293.22,0
04/03/2008,13190.16,13389.9,13137.1,13389.9,0
04/02/2008,12836.41,13189.36,12836.41,13189.36,0
04/01/2008,12539.8,12779.14,12521.84,12656.42,0
03/31/2008,12709.28,12709.28,12430.63,12525.54,0
03/28/2008,12594.34,12874.45,12507.68,12820.47,0
03/27/2008,12618.42,12621.56,12475.88,12604.58,0
03/26/2008,12648.97,12711.78,12591.01,12706.63,0
03/25/2008,12639.74,12791.24,12572.77,12745.22,0
03/24/2008,12473.06,12582.46,12438.2,12480.09,0
03/21/2008,12331.64,12496.41,12308.03,12482.57,0
03/19/2008,12142.33,12374.75,12142.33,12260.44,0
03/18/2008,11828.99,11995.06,11793.6,11964.16,0
03/17/2008,12089.03,12132.69,11691,11787.51,0
03/14/2008,12509.81,12582.57,12167.09,12241.6,0
03/13/2008,12741.26,12772.37,12351.72,12433.44,0
03/12/2008,12841.88,13071.22,12799.42,12861.13,0
03/11/2008,12392.31,12674.89,12352.79,12658.28,0
03/10/2008,12716.84,12777.07,12527.07,12532.13,0
03/07/2008,13024.61,13024.61,12744.52,12782.8,0
03/06/2008,13068.89,13365.22,13050.55,13215.42,0
03/05/2008,12973.03,13044.01,12919.81,12972.06,0
03/04/2008,13080.29,13110.39,12883.07,12992.28,0
03/03/2008,13412.87,13413.63,12992.18,12992.18,0
02/29/2008,13735.44,13738.56,13533.25,13603.02,0
02/28/2008,13877.88,13962.3,13794.71,13925.51,0
02/27/2008,14007.32,14105.47,13956.44,14031.3,0
02/26/2008,14036.89,14053.85,13803.46,13824.72,0
02/25/2008,13612.31,13969.18,13612.31,13914.57,0
02/22/2008,13530.19,13540.62,13378.72,13500.46,0
02/21/2008,13462.72,13783.97,13439.59,13688.28,0
02/20/2008,13729.75,13729.75,13310.37,13310.37,0
02/19/2008,13761.76,13853.21,13691.88,13757.91,0
02/18/2008,13627.31,13822.45,13627.31,13635.4,0
02/15/2008,13508.53,13666.68,13356.39,13622.56,0
02/14/2008,13254.59,13626.45,13251.86,13626.45,0
02/13/2008,13162.95,13240.26,13036.62,13068.3,0
02/12/2008,12998.87,13138.28,12923.42,13021.96,0
02/08/2008,13143.08,13279.52,12997.88,13017.24,0
02/07/2008,13077.25,13244.19,12972.55,13207.15,0
02/06/2008,13548.53,13552.19,13099.24,13099.24,0
02/05/2008,13806.17,13821.92,13665.64,13745.5,0
02/04/2008,13642.6,13889.24,13642.6,13859.7,0
02/01/2008,13517.74,13648.39,13444.08,13497.16,0
01/31/2008,13227.48,13622.68,13154.77,13592.47,0
01/30/2008,13500.52,13514.13,13271.13,13345.03,0
01/29/2008,13246.69,13506.81,13224.66,13478.86,0
01/28/2008,13482.84,13501.86,13087.91,13087.91,0
01/25/2008,13258.77,13647.16,13248.89,13629.16,0
01/24/2008,12952.5,13134.77,12952.5,13092.78,0
01/23/2008,12756.31,13063.78,12619.78,12829.06,0
01/22/2008,13125.23,13125.23,12572.68,12573.05,0
01/21/2008,13701.43,13704.65,13320.51,13325.94,0
01/18/2008,13577.5,13902.64,13365.32,13861.29,0
01/17/2008,13596.38,13803.08,13472.45,13783.45,0
01/16/2008,13796.73,13841.93,13500.59,13504.51,0
01/15/2008,14134.91,14224,13915.15,13972.63,0
01/11/2008,14419.43,14447.49,14096.54,14110.79,0
01/10/2008,14546.32,14584.73,14388.11,14388.11,0
01/09/2008,14364.71,14602.65,14271.57,14599.16,0
01/08/2008,14429.3,14547.8,14365.86,14528.67,0
01/07/2008,14549.38,14667.85,14438.61,14500.55,0
01/04/2008,15155.73,15156.66,14542.58,14691.41,0
