Date,Open,High,Low,Close,Volume
12/30/2011,1262.82,1264.12,1257.46,1257.6,0
12/29/2011,1249.75,1263.54,1249.75,1263.02,0
12/28/2011,1265.38,1265.85,1248.64,1249.64,0
12/27/2011,1265.02,1269.37,1262.3,1265.43,0
12/23/2011,1254,1265.42,1254,1265.33,0
12/22/2011,1245.94,1255.22,1245.19,1254,0
12/21/2011,1240.06,1245.09,1229.51,1243.72,0
12/20/2011,1213.32,1242.82,1213.32,1241.3,0
12/19/2011,1221.34,1224.57,1202.37,1205.35,0
12/16/2011,1216.09,1231.04,1215.2,1219.66,0
12/15/2011,1212.12,1225.6,1212.12,1215.75,0
12/14/2011,1222.52,1224.21,1209.47,1211.82,0
12/13/2011,1240.59,1249.86,1219.43,1225.73,0
12/12/2011,1255.05,1255.05,1227.75,1236.47,0
12/09/2011,1234.48,1258.25,1234.48,1255.19,0
12/08/2011,1260.87,1260.87,1231.47,1234.35,0
12/07/2011,1258.14,1267.06,1244.8,1261.01,0
12/06/2011,1257.19,1266.03,1253.03,1258.47,0
12/05/2011,1251.19,1266.73,1250.06,1257.08,0
12/02/2011,1246.03,1260.08,1243.35,1244.28,0
12/01/2011,1245.07,1251.09,1239.73,1244.58,0
11/30/2011,1196.72,1247.11,1196.72,1246.96,0
11/29/2011,1192.56,1203.67,1191.8,1195.19,0
11/28/2011,1169.29,1197.35,1169.29,1192.55,0
11/25/2011,1160.41,1172.66,1158.66,1158.67,0
11/23/2011,1187.48,1187.48,1161.79,1161.79,0
11/22/2011,1192.98,1196.81,1181.65,1188.04,0
11/21/2011,1215.62,1215.62,1183.16,1192.98,0
11/18/2011,1216.19,1223.51,1211.36,1215.65,0
11/17/2011,1236.04,1237.73,1209.43,1216.13,0
11/16/2011,1252.16,1259.61,1235.67,1236.91,0
11/15/2011,1251.7,1264.25,1244.34,1257.81,0
11/14/2011,1263.85,1263.85,1246.68,1251.78,0
11/11/2011,1246.43,1266.98,1246.43,1263.85,0
11/10/2011,1229.59,1246.22,1227.7,1239.7,0
11/09/2011,1275.18,1275.18,1226.64,1229.1,0
11/08/2011,1261.12,1277.55,1254.99,1275.92,0
11/07/2011,1253.21,1261.7,1240.75,1261.12,0
11/04/2011,1260.82,1260.82,1238.92,1253.23,0
11/03/2011,1238.25,1263.21,1234.81,1261.15,0
11/02/2011,1219.62,1242.48,1219.62,1237.9,0
11/01/2011,1251,1251,1215.42,1218.28,0
10/31/2011,1279.06,1279.06,1253.16,1253.3,0
10/28/2011,1281.27,1287.08,1277.01,1285.09,0
10/27/2011,1243.97,1292.66,1243.97,1284.59,0
10/26/2011,1233.49,1246.28,1221.06,1242,0
10/25/2011,1251.53,1251.53,1226.79,1229.05,0
10/24/2011,1238.72,1256.55,1238.72,1254.19,0
10/21/2011,1215.39,1239.03,1215.39,1238.25,0
10/20/2011,1211.1,1219.53,1197.34,1215.39,0
10/19/2011,1223.46,1229.64,1206.31,1209.88,0
10/18/2011,1200.75,1233.1,1191.48,1225.38,0
10/17/2011,1224.47,1224.47,1198.55,1200.86,0
10/14/2011,1205.65,1224.61,1205.65,1224.58,0
10/13/2011,1206.96,1207.46,1190.58,1203.66,0
10/12/2011,1196.19,1220.25,1196.19,1207.25,0
10/11/2011,1194.6,1199.24,1187.36,1195.54,0
10/10/2011,1158.15,1194.91,1158.15,1194.89,0
10/07/2011,1165.03,1171.4,1150.26,1155.46,0
10/06/2011,1144.11,1165.55,1134.95,1164.97,0
10/05/2011,1124.03,1146.07,1115.68,1144.03,0
10/04/2011,1094.41,1125.12,1074.77,1123.95,0
10/03/2011,1131.21,1138.68,1099.02,1099.23,0
09/30/2011,1159.93,1159.93,1131.36,1131.42,0
09/29/2011,1158.69,1175.87,1139.93,1160.4,0
09/28/2011,1177.54,1184.71,1150.4,1151.06,0
09/27/2011,1163.32,1195.86,1163.32,1175.38,0
09/26/2011,1140.35,1164.19,1131.07,1162.95,0
09/23/2011,1128.82,1141.72,1121.36,1136.43,0
09/22/2011,1164.55,1164.55,1114.22,1129.56,0
09/21/2011,1203.63,1206.3,1166.21,1166.76,0
09/20/2011,1204.5,1220.37,1201.29,1202.09,0
09/19/2011,1214.99,1214.99,1188.36,1204.09,0
09/16/2011,1210.16,1220.06,1204.46,1216.01,0
09/15/2011,1189.44,1209.11,1189.44,1209.11,0
09/14/2011,1173.32,1202.38,1162.73,1188.68,0
09/13/2011,1162.59,1176.41,1157.44,1172.87,0
09/12/2011,1153.5,1162.52,1136.07,1162.27,0
09/09/2011,1185.37,1185.37,1148.37,1154.23,0
09/08/2011,1197.98,1204.4,1183.34,1185.9,0
09/07/2011,1165.85,1198.62,1165.85,1198.62,0
09/06/2011,1173.97,1173.97,1140.13,1165.24,0
09/02/2011,1203.9,1203.9,1170.56,1173.97,0
09/01/2011,1219.12,1228.46,1203.96,1204.42,0
08/31/2011,1213,1230.71,1209.35,1218.89,0
08/30/2011,1209.76,1220.1,1195.77,1212.92,0
08/29/2011,1177.91,1210.28,1177.91,1210.08,0
08/26/2011,1158.85,1181.23,1135.91,1176.8,0
08/25/2011,1180.56,1190.68,1155.47,1159.27,0
08/24/2011,1162.16,1178.56,1156.3,1177.6,0
08/23/2011,1127.24,1162.35,1122.91,1162.35,0
08/22/2011,1131.77,1145.49,1121.09,1123.82,0
08/19/2011,1136.18,1154.39,1122.05,1123.53,0
08/18/2011,1189.62,1189.62,1131.03,1140.65,0
08/17/2011,1195.29,1208.47,1184.36,1193.89,0
08/16/2011,1204.22,1204.22,1180.53,1192.76,0
08/15/2011,1183.58,1204.49,1183.58,1204.49,0
08/12/2011,1176.31,1189.04,1170.74,1178.81,0
08/11/2011,1121.3,1186.29,1121.3,1172.64,0
08/10/2011,1163.65,1163.65,1118.01,1120.76,0
08/09/2011,1126.22,1172.88,1101.54,1172.53,0
08/08/2011,1183.92,1183.92,1119.28,1119.46,0
08/05/2011,1200.28,1218.11,1168.09,1199.38,0
08/04/2011,1260.23,1260.23,1199.54,1200.07,0
08/03/2011,1254.25,1261.2,1234.56,1260.34,0
08/02/2011,1286.56,1286.56,1254.03,1254.05,0
08/01/2011,1299.52,1307.38,1274.73,1286.94,0
07/29/2011,1294.37,1304.16,1282.86,1292.28,0
07/28/2011,1304.84,1316.32,1299.16,1300.67,0
07/27/2011,1327.58,1327.58,1303.49,1304.89,0
07/26/2011,1336.86,1338.51,1329.59,1331.94,0
07/25/2011,1338.91,1343.84,1331.09,1337.43,0
07/22/2011,1343.8,1346.1,1336.95,1345.02,0
07/21/2011,1325.65,1347,1325.65,1343.8,0
07/20/2011,1328.66,1330.43,1323.65,1325.84,0
07/19/2011,1310.95,1328.14,1310.95,1326.73,0
07/18/2011,1315.94,1315.94,1295.92,1305.44,0
07/15/2011,1312.82,1317.7,1307.52,1316.14,0
07/14/2011,1317.74,1326.88,1306.51,1308.87,0
07/13/2011,1314.45,1331.48,1314.45,1317.72,0
07/12/2011,1319.61,1327.17,1313.33,1313.64,0
07/11/2011,1343.31,1343.31,1316.42,1319.49,0
07/08/2011,1352.39,1352.39,1333.71,1343.8,0
07/07/2011,1339.62,1356.48,1339.62,1353.22,0
07/06/2011,1337.56,1340.94,1330.92,1339.22,0
07/05/2011,1339.59,1340.89,1334.3,1337.88,0
07/01/2011,1320.84,1341.01,1318.18,1339.67,0
06/30/2011,1307.64,1321.97,1307.64,1320.64,0
06/29/2011,1296.85,1309.21,1296.85,1307.41,0
06/28/2011,1280.21,1296.8,1280.21,1296.67,0
06/27/2011,1268.44,1284.91,1267.53,1280.1,0
06/24/2011,1283.04,1283.93,1267.31,1268.45,0
06/23/2011,1286.6,1286.6,1262.87,1283.5,0
06/22/2011,1295.48,1298.61,1286.79,1287.14,0
06/21/2011,1278.4,1297.62,1278.4,1295.52,0
06/20/2011,1268.61,1280.42,1267.56,1278.36,0
06/17/2011,1268.58,1279.82,1267.4,1271.5,0
06/16/2011,1265.53,1274.11,1258.07,1267.64,0
06/15/2011,1282.04,1282.04,1261.9,1265.42,0
06/14/2011,1272.22,1292.5,1272.22,1287.87,0
06/13/2011,1271.31,1277.04,1265.64,1271.83,0
06/10/2011,1288.6,1288.6,1268.28,1270.98,0
06/09/2011,1279.63,1294.54,1279.63,1289,0
06/08/2011,1284.63,1287.04,1277.42,1279.56,0
06/07/2011,1286.31,1296.22,1284.74,1284.94,0
06/06/2011,1300.26,1300.26,1284.72,1286.17,0
06/03/2011,1312.94,1312.94,1297.9,1300.16,0
06/02/2011,1314.55,1318.03,1305.61,1312.94,0
06/01/2011,1343.05,1343.05,1313.71,1314.55,0
05/31/2011,1331.1,1345.2,1331.1,1345.2,0
05/27/2011,1327.24,1334.62,1327.24,1331.1,0
05/26/2011,1320.64,1328.51,1314.41,1325.69,0
05/25/2011,1316.36,1325.86,1311.8,1320.47,0
05/24/2011,1317.7,1323.72,1313.87,1316.28,0
05/23/2011,1333.07,1333.07,1312.88,1317.37,0
05/20/2011,1342,1342,1330.67,1333.27,0
05/19/2011,1343.39,1346.82,1336.36,1343.6,0
05/18/2011,1328.54,1341.82,1326.59,1340.68,0
05/17/2011,1326.1,1330.42,1318.51,1328.98,0
05/16/2011,1334.77,1343.33,1327.32,1329.47,0
05/13/2011,1348.69,1350.47,1333.36,1337.77,0
05/12/2011,1339.39,1351.05,1332.03,1348.65,0
05/11/2011,1354.51,1354.51,1336.36,1342.08,0
05/10/2011,1348.34,1359.44,1348.34,1357.16,0
05/09/2011,1340.2,1349.44,1338.64,1346.29,0
05/06/2011,1340.24,1354.36,1335.58,1340.2,0
05/05/2011,1344.16,1348,1329.17,1335.1,0
05/04/2011,1355.9,1355.9,1341.5,1347.32,0
05/03/2011,1359.76,1360.84,1349.52,1356.62,0
05/02/2011,1366.69,1370.58,1358.59,1361.22,0
04/29/2011,1360.14,1364.56,1358.69,1363.61,0
04/28/2011,1353.86,1361.71,1353.6,1360.48,0
04/27/2011,1348.43,1357.49,1344.25,1355.66,0
04/26/2011,1336.75,1349.55,1336.75,1347.24,0
04/25/2011,1336.57,1337.55,1331.47,1335.25,0
04/21/2011,1334.59,1337.49,1332.83,1337.38,0
04/20/2011,1319.12,1332.66,1319.12,1330.36,0
04/19/2011,1305.99,1312.7,1303.97,1312.62,0
04/18/2011,1313.35,1313.35,1294.7,1305.14,0
04/15/2011,1314.88,1322.88,1313.68,1319.68,0
04/14/2011,1309.26,1316.79,1302.42,1314.52,0
04/13/2011,1314.03,1321.35,1309.26,1314.41,0
04/12/2011,1321.96,1321.96,1309.51,1314.16,0
04/11/2011,1329.01,1333.77,1321.06,1324.46,0
04/08/2011,1336.16,1339.46,1322.94,1328.17,0
04/07/2011,1334.82,1338.8,1326.56,1333.51,0
04/06/2011,1335.94,1339.38,1331.09,1335.54,0
04/05/2011,1332.03,1338.21,1330.03,1332.63,0
04/04/2011,1333.56,1336.74,1329.1,1332.87,0
04/01/2011,1329.48,1337.85,1328.89,1332.41,0
03/31/2011,1327.74,1329.77,1325.03,1325.83,0
03/30/2011,1321.89,1331.74,1321.89,1328.26,0
03/29/2011,1309.34,1319.45,1305.26,1319.44,0
03/28/2011,1315.45,1319.74,1310.19,1310.19,0
03/25/2011,1312.05,1319.12,1310.15,1313.8,0
03/24/2011,1300.61,1311.34,1297.74,1309.66,0
03/23/2011,1292.19,1300.51,1284.05,1297.54,0
03/22/2011,1297.68,1299.35,1292.7,1293.77,0
03/21/2011,1286.59,1300.58,1286.59,1298.38,0
03/18/2011,1279.57,1288.88,1276.18,1279.2,0
03/17/2011,1265.98,1278.88,1265.98,1273.72,0
03/16/2011,1279.46,1280.91,1250.11,1256.88,0
03/15/2011,1288.46,1288.46,1261.12,1281.87,0
03/14/2011,1301.19,1301.19,1286.37,1296.39,0
03/11/2011,1293.43,1308.35,1291.99,1304.28,0
03/10/2011,1315.72,1315.72,1294.21,1295.11,0
03/09/2011,1319.92,1323.21,1312.27,1320.02,0
03/08/2011,1311.05,1325.74,1306.86,1321.82,0
03/07/2011,1323.15,1327.68,1303.99,1310.13,0
03/04/2011,1330.9,1331.08,1312.59,1321.15,0
03/03/2011,1315.17,1332.28,1315.17,1330.97,0
03/02/2011,1305.47,1314.19,1302.58,1308.44,0
03/01/2011,1328.64,1332.09,1306.14,1306.33,0
02/28/2011,1321.61,1329.38,1320.55,1327.22,0
02/25/2011,1307.34,1320.61,1307.34,1319.88,0
02/24/2011,1307.09,1310.91,1294.26,1306.1,0
02/23/2011,1315.44,1317.89,1299.55,1307.4,0
02/22/2011,1331.8,1331.89,1312.33,1315.44,0
02/18/2011,1339.81,1344.07,1338.12,1343.01,0
02/17/2011,1334.37,1341.48,1331,1340.43,0
02/16/2011,1330.38,1337.61,1329.8,1336.32,0
02/15/2011,1330.43,1330.43,1324.61,1328.01,0
02/14/2011,1328.73,1332.96,1326.9,1332.32,0
02/11/2011,1318.66,1330.79,1316.08,1329.15,0
02/10/2011,1318.13,1322.78,1311.74,1321.87,0
02/09/2011,1322.09,1324.51,1314.89,1320.88,0
02/08/2011,1318.76,1324.87,1316.03,1324.57,0
02/07/2011,1311.85,1322.85,1311.85,1319.05,0
02/04/2011,1307.01,1311,1301.67,1310.87,0
02/03/2011,1302.77,1308.6,1294.84,1307.1,0
02/02/2011,1305.91,1307.61,1302.62,1304.03,0
02/01/2011,1289.14,1308.86,1289.14,1307.59,0
01/31/2011,1276.5,1287.17,1276.5,1286.12,0
01/28/2011,1299.63,1302.67,1275.1,1276.34,0
01/27/2011,1297.51,1301.29,1294.41,1299.54,0
01/26/2011,1291.97,1299.74,1291.97,1296.63,0
01/25/2011,1288.17,1291.26,1281.07,1291.18,0
01/24/2011,1283.29,1291.93,1282.47,1290.84,0
01/21/2011,1283.63,1291.21,1282.07,1283.35,0
01/20/2011,1280.85,1283.35,1271.26,1280.26,0
01/19/2011,1294.05,1294.6,1278.92,1281.92,0
01/18/2011,1293.22,1296.06,1290.16,1295.02,0
01/14/2011,1282.9,1293.24,1281.24,1293.24,0
01/13/2011,1285.78,1286.7,1280.47,1283.76,0
01/12/2011,1275.65,1286.87,1275.65,1285.96,0
01/11/2011,1272.58,1277.25,1269.62,1274.48,0
01/10/2011,1268.43,1271.52,1262.18,1269.75,0
01/07/2011,1274.41,1276.83,1261.7,1271.5,0
01/06/2011,1276.29,1278.17,1270.43,1273.85,0
01/05/2011,1268.78,1277.63,1265.36,1276.56,0
01/04/2011,1272.95,1274.12,1262.66,1270.2,0
01/03/2011,1257.62,1276.17,1257.62,1271.89,0
