Date,Open,High,Low,Close,Volume
12/31/2008,890.64,910.32,889.67,903.25,0
12/30/2008,869.42,891.12,869.42,890.64,0
12/29/2008,872.8,873.7,857.07,869.42,0
12/26/2008,868.15,873.74,866.52,872.8,0
12/24/2008,863.16,869.79,861.44,868.15,0
12/23/2008,871.63,880.44,860.1,863.16,0
12/22/2008,887.88,887.88,857.09,871.63,0
12/19/2008,885.28,905.47,883.02,887.88,0
12/18/2008,904.42,911.02,877.44,885.28,0
12/17/2008,913.18,918.85,895.94,904.42,0
12/16/2008,868.57,914.66,868.57,913.18,0
12/15/2008,879.73,884.63,857.72,868.57,0
12/12/2008,873.59,883.24,851.35,879.73,0
12/11/2008,899.24,904.63,868.73,873.59,0
12/10/2008,888.67,908.27,885.45,899.24,0
12/09/2008,909.7,916.26,885.38,888.67,0
12/08/2008,876.07,918.57,876.07,909.7,0
12/05/2008,845.22,879.42,818.41,876.07,0
12/04/2008,870.74,875.6,833.6,845.22,0
12/03/2008,848.81,873.12,827.6,870.74,0
12/02/2008,816.21,850.54,816.21,848.81,0
12/01/2008,896.24,896.24,815.69,816.21,0
11/28/2008,887.68,896.25,881.21,896.24,0
11/26/2008,857.39,887.68,841.37,887.68,0
11/25/2008,851.81,868.94,834.99,857.39,0
11/24/2008,800.03,865.6,800.03,851.81,0
11/21/2008,752.44,801.2,741.02,800.03,0
11/20/2008,806.58,820.52,747.78,752.44,0
11/19/2008,859.12,864.57,806.18,806.58,0
11/18/2008,850.75,865.9,826.84,859.12,0
11/17/2008,873.29,882.29,848.98,850.75,0
11/14/2008,911.29,916.88,869.88,873.29,0
11/13/2008,852.3,913.01,818.69,911.29,0
11/12/2008,898.95,898.95,850.48,852.3,0
11/11/2008,919.21,919.21,884.9,898.95,0
11/10/2008,930.99,951.95,907.47,919.21,0
11/07/2008,904.88,931.46,904.88,930.99,0
11/06/2008,952.77,952.77,899.73,904.88,0
11/05/2008,1005.75,1005.75,949.86,952.77,0
11/04/2008,966.3,1007.51,966.3,1005.75,0
11/03/2008,968.75,975.57,958.82,966.3,0
10/31/2008,954.09,984.38,944.59,968.75,0
10/30/2008,930.09,963.23,928.5,954.09,0
10/29/2008,940.51,969.97,922.26,930.09,0
10/28/2008,848.92,940.51,845.27,940.51,0
10/27/2008,876.77,893.78,846.75,848.92,0
10/24/2008,908.11,908.11,852.85,876.77,0
10/23/2008,896.78,922.83,858.44,908.11,0
10/22/2008,955.05,955.05,875.81,896.78,0
10/21/2008,985.4,985.44,952.47,955.05,0
10/20/2008,940.55,985.4,940.55,985.4,0
10/17/2008,946.43,984.64,918.74,940.55,0
10/16/2008,907.84,947.71,865.83,946.43,0
10/15/2008,998.01,998.01,903.99,907.84,0
10/14/2008,1003.35,1044.31,972.07,998.01,0
10/13/2008,899.22,1006.93,899.22,1003.35,0
10/10/2008,909.92,936.36,839.8,899.22,0
10/09/2008,984.94,1005.25,909.19,909.92,0
10/08/2008,996.23,1021.06,970.97,984.94,0
10/07/2008,1056.89,1072.91,996.23,996.23,0
10/06/2008,1099.23,1099.23,1007.97,1056.89,0
10/03/2008,1114.28,1153.82,1098.14,1099.23,0
10/02/2008,1161.06,1161.06,1111.43,1114.28,0
10/01/2008,1164.74,1167.03,1140.77,1161.06,0
09/30/2008,1106.42,1168.03,1106.42,1164.74,0
09/29/2008,1213.27,1213.27,1106.42,1106.42,0
09/26/2008,1209.18,1215.77,1187.54,1213.27,0
09/25/2008,1185.87,1220.03,1185.87,1209.18,0
09/24/2008,1188.22,1197.41,1179.79,1185.87,0
09/23/2008,1207.09,1221.15,1187.06,1188.22,0
09/22/2008,1255.08,1255.37,1205.61,1207.09,0
09/19/2008,1206.51,1265.12,1206.51,1255.08,0
09/18/2008,1156.39,1211.14,1133.5,1206.51,0
09/17/2008,1213.6,1213.6,1155.88,1156.39,0
09/16/2008,1192.7,1214.07,1169.28,1213.6,0
09/15/2008,1251.7,1251.7,1192.7,1192.7,0
09/12/2008,1249.05,1255.09,1233.81,1251.7,0
09/11/2008,1232.04,1249.98,1211.54,1249.05,0
09/10/2008,1224.51,1243.9,1221.6,1232.04,0
09/09/2008,1267.79,1268.66,1224.51,1224.51,0
09/08/2008,1242.31,1274.42,1242.31,1267.79,0
09/05/2008,1236.83,1244.94,1217.23,1242.31,0
09/04/2008,1274.98,1274.98,1232.83,1236.83,0
09/03/2008,1277.58,1280.6,1265.59,1274.98,0
09/02/2008,1282.83,1303.04,1272.2,1277.58,0
08/29/2008,1300.68,1300.68,1282.74,1282.83,0
08/28/2008,1281.66,1300.68,1281.66,1300.68,0
08/27/2008,1271.51,1285.05,1270.03,1281.66,0
08/26/2008,1266.84,1275.65,1263.21,1271.51,0
08/25/2008,1292.2,1292.2,1264.87,1266.84,0
08/22/2008,1277.72,1293.09,1277.59,1292.2,0
08/21/2008,1274.54,1281.4,1265.22,1277.72,0
08/20/2008,1266.69,1276.01,1261.16,1274.54,0
08/19/2008,1278.6,1278.6,1263.11,1266.69,0
08/18/2008,1298.2,1300.22,1274.51,1278.6,0
08/15/2008,1292.93,1302.05,1290.74,1298.2,0
08/14/2008,1285.83,1300.11,1276.84,1292.93,0
08/13/2008,1289.59,1294.03,1274.86,1285.83,0
08/12/2008,1305.32,1305.32,1285.64,1289.59,0
08/11/2008,1296.32,1313.15,1291.41,1305.32,0
08/08/2008,1266.07,1297.85,1262.11,1296.32,0
08/07/2008,1289.19,1289.19,1264.29,1266.07,0
08/06/2008,1284.88,1291.67,1276,1289.19,0
08/05/2008,1249.01,1284.88,1249.01,1284.88,0
08/04/2008,1260.31,1260.49,1247.45,1249.01,0
08/01/2008,1267.38,1270.52,1254.54,1260.31,0
07/31/2008,1284.26,1284.93,1265.97,1267.38,0
07/30/2008,1263.2,1284.33,1263.2,1284.26,0
07/29/2008,1234.37,1263.2,1234.37,1263.2,0
07/28/2008,1257.76,1260.09,1234.37,1234.37,0
07/25/2008,1252.54,1263.23,1251.75,1257.76,0
07/24/2008,1282.19,1283.22,1251.48,1252.54,0
07/23/2008,1277,1291.17,1276.06,1282.19,0
07/22/2008,1260,1277.42,1248.83,1277,0
07/21/2008,1260.68,1267.74,1255.7,1260,0
07/18/2008,1260.32,1262.23,1251.81,1260.68,0
07/17/2008,1245.36,1262.31,1241.49,1260.32,0
07/16/2008,1214.91,1245.52,1211.39,1245.36,0
07/15/2008,1228.3,1234.35,1200.44,1214.91,0
07/14/2008,1239.49,1253.5,1225.01,1228.3,0
07/11/2008,1253.39,1257.27,1225.35,1239.49,0
07/10/2008,1244.69,1257.65,1236.76,1253.39,0
07/09/2008,1273.7,1277.36,1244.57,1244.69,0
07/08/2008,1252.31,1274.17,1242.84,1273.7,0
07/07/2008,1262.9,1273.95,1240.68,1252.31,0
07/03/2008,1261.52,1271.48,1252.01,1262.9,0
07/02/2008,1284.91,1292.17,1261.51,1261.52,0
07/01/2008,1280,1285.31,1260.68,1284.91,0
06/30/2008,1278.38,1290.31,1274.86,1280,0
06/27/2008,1283.15,1289.45,1272,1278.38,0
06/26/2008,1321.97,1321.97,1283.15,1283.15,0
06/25/2008,1314.29,1335.63,1314.29,1321.97,0
06/24/2008,1318,1326.02,1304.42,1314.29,0
06/23/2008,1317.93,1323.78,1315.31,1318,0
06/20/2008,1342.83,1342.83,1314.46,1317.93,0
06/19/2008,1337.81,1347.66,1330.5,1342.83,0
06/18/2008,1350.93,1350.93,1333.4,1337.81,0
06/17/2008,1360.14,1366.59,1350.54,1350.93,0
06/16/2008,1360.03,1364.7,1352.07,1360.14,0
06/13/2008,1339.87,1360.03,1339.87,1360.03,0
06/12/2008,1335.49,1353.03,1331.29,1339.87,0
06/11/2008,1358.44,1358.44,1335.47,1335.49,0
06/10/2008,1361.76,1366.84,1351.56,1358.44,0
06/09/2008,1360.68,1370.63,1350.62,1361.76,0
06/06/2008,1404.05,1404.05,1359.9,1360.68,0
06/05/2008,1377.2,1404.05,1377.2,1404.05,0
06/04/2008,1377.65,1388.18,1371.74,1377.2,0
06/03/2008,1385.67,1393.12,1370.12,1377.65,0
06/02/2008,1400.38,1400.38,1377.79,1385.67,0
05/30/2008,1398.26,1404.46,1398.08,1400.38,0
05/29/2008,1390.84,1406.32,1388.59,1398.26,0
05/28/2008,1385.35,1391.25,1378.16,1390.84,0
05/27/2008,1375.93,1387.4,1373.07,1385.35,0
05/23/2008,1394.35,1394.35,1373.72,1375.93,0
05/22/2008,1390.71,1399.07,1390.23,1394.35,0
05/21/2008,1413.4,1419.12,1388.81,1390.71,0
05/20/2008,1426.63,1426.63,1409.09,1413.4,0
05/19/2008,1425.35,1440.24,1421.63,1426.63,0
05/16/2008,1423.57,1425.82,1414.35,1425.35,0
05/15/2008,1408.66,1424.4,1406.87,1423.57,0
05/14/2008,1403.04,1420.19,1403.04,1408.66,0
05/13/2008,1403.58,1406.3,1396.26,1403.04,0
05/12/2008,1388.28,1404.06,1386.2,1403.58,0
05/09/2008,1397.68,1397.68,1384.11,1388.28,0
05/08/2008,1392.57,1402.35,1389.39,1397.68,0
05/07/2008,1418.26,1419.54,1391.16,1392.57,0
05/06/2008,1407.49,1421.57,1397.1,1418.26,0
05/05/2008,1413.9,1415.34,1404.37,1407.49,0
05/02/2008,1409.34,1422.72,1406.25,1413.9,0
05/01/2008,1385.59,1410.07,1383.07,1409.34,0
04/30/2008,1390.94,1404.57,1384.25,1385.59,0
04/29/2008,1396.37,1397,1386.7,1390.94,0
04/28/2008,1397.84,1402.9,1394.4,1396.37,0
04/25/2008,1388.82,1399.11,1379.98,1397.84,0
04/24/2008,1379.93,1397.72,1371.09,1388.82,0
04/23/2008,1375.94,1387.87,1372.24,1379.93,0
04/22/2008,1388.17,1388.17,1369.84,1375.94,0
04/21/2008,1390.33,1390.33,1379.25,1388.17,0
04/18/2008,1365.56,1395.9,1365.56,1390.33,0
04/17/2008,1364.71,1368.6,1357.25,1365.56,0
04/16/2008,1334.43,1365.49,1334.43,1364.71,0
04/15/2008,1328.32,1337.72,1324.35,1334.43,0
04/14/2008,1332.83,1335.64,1326.16,1328.32,0
04/11/2008,1360.55,1360.55,1331.21,1332.83,0
04/10/2008,1354.49,1367.24,1350.11,1360.55,0
04/09/2008,1365.54,1368.39,1349.97,1354.49,0
04/08/2008,1372.54,1372.54,1360.62,1365.54,0
04/07/2008,1370.4,1386.74,1369.02,1372.54,0
04/04/2008,1369.31,1380.91,1362.83,1370.4,0
04/03/2008,1367.53,1375.66,1358.68,1369.31,0
04/02/2008,1370.18,1377.95,1361.55,1367.53,0
04/01/2008,1322.7,1370.18,1322.7,1370.18,0
03/31/2008,1315.22,1328.52,1312.81,1322.7,0
03/28/2008,1325.76,1334.87,1312.95,1315.22,0
03/27/2008,1341.13,1345.62,1325.66,1325.76,0
03/26/2008,1352.99,1352.99,1336.41,1341.13,0
03/25/2008,1349.88,1357.47,1341.21,1352.99,0
03/24/2008,1329.51,1359.68,1329.51,1349.88,0
03/20/2008,1298.42,1330.67,1295.22,1329.51,0
03/19/2008,1330.74,1341.51,1298.42,1298.42,0
03/18/2008,1276.6,1330.74,1276.6,1330.74,0
03/17/2008,1288.14,1288.14,1256.98,1276.6,0
03/14/2008,1315.48,1321.47,1274.86,1288.14,0
03/13/2008,1308.77,1321.68,1282.11,1315.48,0
03/12/2008,1320.65,1333.26,1307.86,1308.77,0
03/11/2008,1273.37,1320.65,1273.37,1320.65,0
03/10/2008,1293.37,1295.01,1272.66,1273.37,0
03/07/2008,1304.34,1313.24,1282.43,1293.37,0
03/06/2008,1333.7,1333.7,1303.42,1304.34,0
03/05/2008,1326.75,1344.19,1320.22,1333.7,0
03/04/2008,1331.34,1331.34,1307.39,1326.75,0
03/03/2008,1330.63,1335.13,1320.04,1331.34,0
02/29/2008,1367.68,1367.68,1325.42,1330.63,0
02/28/2008,1380.02,1380.02,1363.16,1367.68,0
02/27/2008,1381.29,1388.34,1372,1380.02,0
02/26/2008,1371.8,1387.34,1363.29,1381.29,0
02/25/2008,1353.11,1374.36,1346.03,1371.8,0
02/22/2008,1342.53,1354.3,1327.04,1353.11,0
02/21/2008,1360.03,1367.94,1339.34,1342.53,0
02/20/2008,1348.78,1363.71,1336.55,1360.03,0
02/19/2008,1349.99,1367.28,1345.05,1348.78,0
02/15/2008,1348.86,1350,1338.13,1349.99,0
02/14/2008,1367.21,1368.16,1347.31,1348.86,0
02/13/2008,1348.86,1369.23,1348.86,1367.21,0
02/12/2008,1339.13,1362.1,1339.13,1348.86,0
02/11/2008,1331.29,1341.4,1320.32,1339.13,0
02/08/2008,1336.91,1341.22,1321.06,1331.29,0
02/07/2008,1326.45,1347.16,1316.75,1336.91,0
02/06/2008,1336.64,1351.96,1324.34,1326.45,0
02/05/2008,1380.82,1380.82,1336.64,1336.64,0
02/04/2008,1395.42,1395.42,1379.69,1380.82,0
02/01/2008,1378.55,1396.02,1375.93,1395.42,0
01/31/2008,1355.81,1385.62,1334.08,1378.55,0
01/30/2008,1362.3,1385.86,1352.95,1355.81,0
01/29/2008,1353.96,1364.93,1350.19,1362.3,0
01/28/2008,1330.61,1353.97,1322.26,1353.96,0
01/25/2008,1352.07,1368.56,1327.5,1330.61,0
01/24/2008,1338.6,1355.15,1334.31,1352.07,0
01/23/2008,1310.5,1339.09,1270.05,1338.6,0
01/22/2008,1325.19,1325.19,1274.29,1310.5,0
01/18/2008,1333.25,1350.28,1312.51,1325.19,0
01/17/2008,1373.2,1377.72,1330.67,1333.25,0
01/16/2008,1380.95,1391.99,1364.27,1373.2,0
01/15/2008,1416.25,1416.25,1380.6,1380.95,0
01/14/2008,1401.02,1417.89,1401.02,1416.25,0
01/11/2008,1420.33,1420.33,1394.83,1401.02,0
01/10/2008,1409.13,1429.09,1395.31,1420.33,0
01/09/2008,1390.19,1409.19,1378.7,1409.13,0
01/08/2008,1416.18,1430.28,1388.3,1390.19,0
01/07/2008,1411.63,1423.87,1403.45,1416.18,0
01/04/2008,1447.16,1447.16,1411.19,1411.63,0
01/03/2008,1447.16,1456.8,1443.73,1447.16,0
01/02/2008,1468.36,1471.77,1442.07,1447.16,0
