Date,Open,High,Low,Close,Volume
12/31/2010,1256.76,1259.34,1254.19,1257.64,0
12/30/2010,1259.44,1261.09,1256.32,1257.88,0
12/29/2010,1258.78,1262.6,1258.78,1259.78,0
12/28/2010,1259.1,1259.9,1256.22,1258.51,0
12/27/2010,1254.66,1258.43,1251.48,1257.54,0
12/23/2010,1257.43,1258.59,1254.05,1256.77,0
12/22/2010,1254.94,1259.39,1254.94,1258.84,0
12/21/2010,1249.43,1255.82,1249.43,1254.6,0
12/20/2010,1245.76,1250.2,1241.51,1247.08,0
12/17/2010,1243.63,1245.81,1239.87,1243.91,0
12/16/2010,1236.34,1243.75,1232.85,1242.87,0
12/15/2010,1241.58,1244.25,1234.01,1235.23,0
12/14/2010,1241.84,1246.59,1238.17,1241.59,0
12/13/2010,1242.52,1246.73,1240.34,1240.46,0
12/10/2010,1233.85,1240.4,1232.58,1240.4,0
12/09/2010,1230.14,1234.71,1226.85,1233,0
12/08/2010,1225.02,1228.93,1219.5,1228.28,0
12/07/2010,1227.25,1235.05,1223.25,1223.75,0
12/06/2010,1223.87,1225.8,1220.67,1223.12,0
12/03/2010,1219.93,1225.57,1216.82,1224.71,0
12/02/2010,1206.81,1221.89,1206.81,1221.53,0
12/01/2010,1186.6,1207.52,1186.6,1206.07,0
11/30/2010,1182.96,1187.4,1174.14,1180.55,0
11/29/2010,1189.08,1190.34,1173.64,1187.76,0
11/26/2010,1194.16,1194.16,1186.93,1189.4,0
11/24/2010,1183.7,1198.62,1183.7,1198.35,0
11/23/2010,1192.51,1192.51,1176.91,1180.73,0
11/22/2010,1198.07,1198.94,1184.58,1197.84,0
11/19/2010,1196.12,1199.97,1189.44,1199.73,0
11/18/2010,1183.75,1200.29,1183.75,1196.69,0
11/17/2010,1178.33,1183.56,1175.82,1178.59,0
11/16/2010,1194.79,1194.79,1173,1178.34,0
11/15/2010,1200.44,1207.43,1197.15,1197.75,0
11/12/2010,1209.07,1210.5,1194.08,1199.21,0
11/11/2010,1213.04,1215.45,1204.49,1213.54,0
11/10/2010,1213.14,1218.75,1204.33,1218.71,0
11/09/2010,1223.59,1226.84,1208.94,1213.4,0
11/08/2010,1223.24,1224.57,1217.55,1223.25,0
11/05/2010,1221.2,1227.08,1220.29,1225.85,0
11/04/2010,1198.34,1221.25,1198.34,1221.06,0
11/03/2010,1193.79,1197.96,1183.56,1197.96,0
11/02/2010,1187.86,1195.88,1187.86,1193.57,0
11/01/2010,1185.71,1195.81,1177.65,1184.38,0
10/29/2010,1183.87,1185.46,1179.7,1183.26,0
10/28/2010,1184.47,1189.53,1177.1,1183.78,0
10/27/2010,1183.84,1183.84,1171.7,1182.45,0
10/26/2010,1184.88,1187.11,1177.72,1185.64,0
10/25/2010,1184.74,1196.14,1184.74,1185.62,0
10/22/2010,1180.52,1183.93,1178.99,1183.08,0
10/21/2010,1179.82,1189.43,1171.17,1180.26,0
10/20/2010,1166.74,1182.94,1166.74,1178.17,0
10/19/2010,1178.64,1178.64,1159.71,1165.9,0
10/18/2010,1176.83,1185.53,1174.55,1184.71,0
10/15/2010,1177.47,1181.2,1167.12,1176.19,0
10/14/2010,1177.82,1178.89,1166.71,1173.81,0
10/13/2010,1171.32,1184.38,1171.32,1178.1,0
10/12/2010,1164.28,1172.58,1155.71,1169.77,0
10/11/2010,1165.32,1168.68,1162.02,1165.32,0
10/08/2010,1158.36,1167.73,1155.58,1165.15,0
10/07/2010,1161.57,1163.87,1151.41,1158.06,0
10/06/2010,1159.81,1162.33,1154.85,1159.97,0
10/05/2010,1140.68,1162.76,1140.68,1160.75,0
10/04/2010,1144.96,1148.16,1131.87,1137.03,0
10/01/2010,1143.49,1150.3,1139.42,1146.24,0
09/30/2010,1145.97,1157.16,1136.08,1141.2,0
09/29/2010,1146.75,1148.63,1140.26,1144.73,0
09/28/2010,1142.31,1150,1132.09,1147.7,0
09/27/2010,1148.64,1149.92,1142,1142.16,0
09/24/2010,1131.69,1148.9,1131.69,1148.67,0
09/23/2010,1131.1,1136.77,1122.79,1124.83,0
09/22/2010,1139.49,1144.38,1131.58,1134.28,0
09/21/2010,1142.82,1148.59,1136.22,1139.78,0
09/20/2010,1126.57,1144.86,1126.57,1142.71,0
09/17/2010,1126.39,1131.47,1122.43,1125.59,0
09/16/2010,1123.89,1125.44,1118.88,1124.66,0
09/15/2010,1119.43,1126.46,1114.63,1125.07,0
09/14/2010,1121.16,1127.36,1115.58,1121.1,0
09/13/2010,1113.38,1123.87,1113.38,1121.9,0
09/10/2010,1104.57,1110.88,1103.92,1109.55,0
09/09/2010,1101.15,1110.27,1101.15,1104.18,0
09/08/2010,1092.36,1103.26,1092.36,1098.87,0
09/07/2010,1102.6,1102.6,1091.15,1091.84,0
09/03/2010,1093.61,1105.1,1093.61,1104.51,0
09/02/2010,1080.66,1090.1,1080.39,1090.1,0
09/01/2010,1049.72,1081.3,1049.72,1080.29,0
08/31/2010,1046.88,1055.14,1040.88,1049.33,0
08/30/2010,1062.9,1064.4,1048.79,1048.92,0
08/27/2010,1049.27,1065.21,1039.7,1064.59,0
08/26/2010,1056.28,1061.45,1045.4,1047.22,0
08/25/2010,1048.98,1059.38,1039.83,1055.33,0
08/24/2010,1063.2,1063.2,1046.68,1051.87,0
08/23/2010,1073.36,1081.58,1067.08,1067.36,0
08/20/2010,1075.63,1075.63,1063.91,1071.69,0
08/19/2010,1092.44,1092.44,1070.66,1075.63,0
08/18/2010,1092.08,1099.77,1085.76,1094.16,0
08/17/2010,1081.16,1100.14,1081.16,1092.54,0
08/16/2010,1077.49,1082.62,1069.49,1079.38,0
08/13/2010,1082.22,1086.25,1079,1079.25,0
08/12/2010,1081.48,1086.72,1076.69,1083.61,0
08/11/2010,1116.89,1116.89,1088.55,1089.47,0
08/10/2010,1122.92,1127.16,1111.58,1121.06,0
08/09/2010,1122.8,1129.24,1120.91,1127.79,0
08/06/2010,1122.07,1123.06,1107.17,1121.64,0
08/05/2010,1125.78,1126.56,1118.81,1125.81,0
08/04/2010,1121.06,1128.75,1119.46,1127.24,0
08/03/2010,1125.34,1125.44,1116.76,1120.46,0
08/02/2010,1107.53,1127.3,1107.53,1125.86,0
07/30/2010,1098.44,1106.44,1088.01,1101.6,0
07/29/2010,1108.07,1115.9,1092.82,1101.53,0
07/28/2010,1112.84,1114.66,1103.11,1106.13,0
07/27/2010,1117.36,1120.95,1109.78,1113.84,0
07/26/2010,1102.89,1115.01,1101.3,1115.01,0
07/23/2010,1092.17,1103.73,1087.88,1102.66,0
07/22/2010,1072.14,1097.5,1072.14,1093.67,0
07/21/2010,1086.67,1088.96,1065.25,1069.59,0
07/20/2010,1064.53,1083.94,1056.88,1083.48,0
07/19/2010,1066.85,1074.7,1061.11,1071.25,0
07/16/2010,1093.85,1093.85,1063.32,1064.88,0
07/15/2010,1094.46,1098.66,1080.53,1096.48,0
07/14/2010,1095.61,1099.08,1087.68,1095.17,0
07/13/2010,1080.65,1099.46,1080.65,1095.34,0
07/12/2010,1077.23,1080.78,1070.45,1078.75,0
07/09/2010,1070.5,1078.16,1068.1,1077.96,0
07/08/2010,1062.92,1071.25,1058.24,1070.25,0
07/07/2010,1028.54,1060.89,1028.54,1060.27,0
07/06/2010,1028.09,1042.5,1018.35,1028.06,0
07/02/2010,1027.65,1032.95,1015.93,1022.58,0
07/01/2010,1031.1,1033.58,1011.4,1027.37,0
06/30/2010,1040.56,1048.08,1028.33,1030.71,0
06/29/2010,1071.1,1071.1,1035.18,1041.24,0
06/28/2010,1077.5,1082.6,1071.45,1074.57,0
06/25/2010,1075.1,1083.56,1067.89,1076.76,0
06/24/2010,1090.93,1090.93,1071.6,1073.69,0
06/23/2010,1095.57,1099.64,1085.31,1092.04,0
06/22/2010,1113.9,1118.5,1094.18,1095.31,0
06/21/2010,1122.79,1131.23,1108.24,1113.2,0
06/18/2010,1116.16,1121.01,1113.93,1117.51,0
06/17/2010,1115.98,1117.72,1105.87,1116.04,0
06/16/2010,1114.02,1118.74,1107.13,1114.61,0
06/15/2010,1091.21,1115.59,1091.21,1115.23,0
06/14/2010,1095,1105.91,1089.03,1089.63,0
06/11/2010,1082.65,1092.25,1077.12,1091.6,0
06/10/2010,1058.77,1087.85,1058.77,1086.84,0
06/09/2010,1062.75,1077.74,1052.25,1055.69,0
06/08/2010,1050.81,1063.15,1042.17,1062,0
06/07/2010,1065.84,1071.36,1049.86,1050.47,0
06/04/2010,1098.43,1098.43,1060.5,1064.88,0
06/03/2010,1098.82,1105.67,1091.81,1102.83,0
06/02/2010,1073.01,1098.56,1072.03,1098.38,0
06/01/2010,1087.3,1094.77,1069.89,1070.71,0
05/28/2010,1102.59,1102.59,1084.78,1089.41,0
05/27/2010,1074.27,1103.52,1074.27,1103.06,0
05/26/2010,1075.51,1090.75,1065.59,1067.95,0
05/25/2010,1067.42,1074.75,1040.78,1074.03,0
05/24/2010,1084.78,1089.95,1072.7,1073.65,0
05/21/2010,1067.26,1090.16,1055.9,1087.69,0
05/20/2010,1107.34,1107.34,1071.58,1071.59,0
05/19/2010,1119.57,1124.27,1100.66,1115.05,0
05/18/2010,1138.78,1148.66,1117.2,1120.8,0
05/17/2010,1136.52,1141.88,1114.96,1136.94,0
05/14/2010,1157.19,1157.19,1126.14,1135.68,0
05/13/2010,1170.04,1173.57,1156.14,1157.44,0
05/12/2010,1155.43,1172.87,1155.43,1171.67,0
05/11/2010,1156.39,1170.48,1147.71,1155.79,0
05/10/2010,1122.27,1163.85,1122.27,1159.73,0
05/07/2010,1127.04,1135.13,1094.15,1110.88,0
05/06/2010,1164.38,1167.58,1065.79,1128.15,0
05/05/2010,1169.24,1175.95,1158.15,1165.87,0
05/04/2010,1197.5,1197.5,1168.12,1173.6,0
05/03/2010,1188.58,1205.13,1188.58,1202.26,0
04/30/2010,1206.77,1207.99,1186.32,1186.69,0
04/29/2010,1193.3,1209.36,1193.3,1206.78,0
04/28/2010,1184.59,1195.05,1181.81,1191.36,0
04/27/2010,1209.92,1211.38,1181.62,1183.71,0
04/26/2010,1217.07,1219.8,1211.07,1212.05,0
04/23/2010,1207.87,1217.28,1205.1,1217.28,0
04/22/2010,1202.52,1210.27,1190.19,1208.67,0
04/21/2010,1207.16,1210.99,1198.85,1205.94,0
04/20/2010,1199.04,1208.58,1199.04,1207.17,0
04/19/2010,1192.06,1197.87,1183.68,1197.52,0
04/16/2010,1210.17,1210.17,1186.77,1192.13,0
04/15/2010,1210.77,1213.92,1208.5,1211.67,0
04/14/2010,1198.69,1210.65,1198.69,1210.65,0
04/13/2010,1195.94,1199.04,1188.82,1197.3,0
04/12/2010,1194.94,1199.2,1194.71,1196.48,0
04/09/2010,1187.47,1194.66,1187.15,1194.37,0
04/08/2010,1181.75,1188.55,1175.12,1186.44,0
04/07/2010,1188.23,1189.6,1177.25,1182.45,0
04/06/2010,1186.01,1191.8,1182.77,1189.44,0
04/05/2010,1178.71,1187.73,1178.71,1187.44,0
04/01/2010,1171.23,1181.43,1170.69,1178.1,0
03/31/2010,1171.75,1174.56,1165.77,1169.43,0
03/30/2010,1173.75,1177.83,1168.92,1173.27,0
03/29/2010,1167.71,1174.85,1167.71,1173.22,0
03/26/2010,1167.58,1173.93,1161.48,1166.59,0
03/25/2010,1170.03,1180.69,1165.09,1165.73,0
03/24/2010,1172.7,1173.04,1166.01,1167.72,0
03/23/2010,1166.47,1174.72,1163.83,1174.17,0
03/22/2010,1157.25,1167.82,1152.88,1165.81,0
03/19/2010,1166.68,1169.2,1155.33,1159.9,0
03/18/2010,1166.13,1167.77,1161.16,1165.83,0
03/17/2010,1159.94,1169.84,1159.94,1166.21,0
03/16/2010,1150.83,1160.28,1150.35,1159.46,0
03/15/2010,1148.53,1150.98,1141.45,1150.51,0
03/12/2010,1151.71,1153.41,1146.97,1149.99,0
03/11/2010,1143.96,1150.24,1138.99,1150.24,0
03/10/2010,1140.22,1148.26,1140.09,1145.61,0
03/09/2010,1137.56,1145.37,1134.9,1140.45,0
03/08/2010,1138.4,1141.05,1136.77,1138.5,0
03/05/2010,1125.12,1139.38,1125.12,1138.7,0
03/04/2010,1119.12,1123.73,1116.66,1122.97,0
03/03/2010,1119.36,1125.64,1116.58,1118.79,0
03/02/2010,1117.01,1123.46,1116.51,1118.31,0
03/01/2010,1105.36,1116.11,1105.36,1115.71,0
02/26/2010,1103.1,1107.24,1097.56,1104.49,0
02/25/2010,1101.24,1103.5,1086.02,1102.94,0
02/24/2010,1095.89,1106.42,1095.5,1105.24,0
02/23/2010,1107.49,1108.58,1092.18,1094.6,0
02/22/2010,1110,1112.29,1105.38,1108.01,0
02/19/2010,1105.49,1112.42,1100.8,1109.17,0
02/18/2010,1099.03,1108.24,1097.48,1106.75,0
02/17/2010,1096.14,1101.03,1094.72,1099.51,0
02/16/2010,1079.13,1095.67,1079.13,1094.87,0
02/12/2010,1075.95,1077.81,1062.97,1075.51,0
02/11/2010,1067.1,1080.04,1060.59,1078.47,0
02/10/2010,1069.68,1073.67,1059.34,1068.13,0
02/09/2010,1060.06,1079.28,1060.06,1070.52,0
02/08/2010,1065.51,1071.2,1056.51,1056.74,0
02/05/2010,1064.12,1067.13,1044.5,1066.19,0
02/04/2010,1097.25,1097.25,1062.78,1063.11,0
02/03/2010,1100.67,1102.72,1093.97,1097.28,0
02/02/2010,1090.05,1104.73,1087.96,1103.32,0
02/01/2010,1073.89,1089.38,1073.89,1089.19,0
01/29/2010,1087.61,1096.45,1071.59,1073.87,0
01/28/2010,1096.93,1100.22,1078.46,1084.53,0
01/27/2010,1091.94,1099.51,1083.11,1097.5,0
01/26/2010,1095.8,1103.69,1089.86,1092.17,0
01/25/2010,1092.4,1102.97,1092.4,1096.78,0
01/22/2010,1115.49,1115.49,1090.18,1091.76,0
01/21/2010,1138.68,1141.58,1114.84,1116.48,0
01/20/2010,1147.95,1147.95,1129.25,1138.04,0
01/19/2010,1136.03,1150.45,1135.77,1150.23,0
01/15/2010,1147.72,1147.77,1131.39,1136.03,0
01/14/2010,1145.68,1150.41,1143.8,1148.46,0
01/13/2010,1137.31,1148.4,1133.18,1145.68,0
01/12/2010,1143.81,1143.81,1131.77,1136.22,0
01/11/2010,1145.96,1149.74,1142.02,1146.98,0
01/08/2010,1140.52,1145.39,1136.22,1144.98,0
01/07/2010,1136.27,1142.46,1131.32,1141.69,0
01/06/2010,1135.71,1139.19,1133.95,1137.14,0
01/05/2010,1132.66,1136.63,1129.66,1136.52,0
01/04/2010,1116.56,1133.87,1116.56,1132.99,0
