Date,Open,High,Low,Close,Volume
12/31/2012,1402.43,1426.74,1398.11,1426.19,0
12/28/2012,1418.1,1418.1,1401.58,1402.43,0
12/27/2012,1419.6,1422.8,1401.8,1418.1,0
12/26/2012,1426.66,1429.42,1416.43,1419.83,0
12/24/2012,1430.15,1430.15,1424.66,1426.66,0
12/21/2012,1443.67,1443.67,1422.58,1430.15,0
12/20/2012,1436.45,1443.7,1432.82,1443.69,0
12/19/2012,1447.5,1447.75,1435.8,1435.81,0
12/18/2012,1430.47,1448,1430.47,1446.79,0
12/17/2012,1414.39,1430.67,1414.39,1430.36,0
12/14/2012,1419.45,1419.45,1411.88,1413.58,0
12/13/2012,1427.66,1431.36,1416,1419.45,0
12/12/2012,1427.84,1438.59,1426.76,1428.48,0
12/11/2012,1418.55,1434.27,1418.55,1427.84,0
12/10/2012,1418.07,1421.64,1415.64,1418.55,0
12/07/2012,1413.95,1420.34,1410.9,1418.07,0
12/06/2012,1409.43,1413.95,1405.93,1413.94,0
12/05/2012,1407.05,1415.56,1398.23,1409.28,0
12/04/2012,1409.15,1413.14,1403.65,1407.05,0
12/03/2012,1419.12,1423.73,1408.46,1409.46,0
11/30/2012,1415.95,1418.86,1411.63,1416.18,0
11/29/2012,1412.24,1419.7,1409.17,1415.95,0
11/28/2012,1398.77,1410.31,1385.43,1409.93,0
11/27/2012,1405.82,1409.01,1398.03,1398.94,0
11/26/2012,1409.15,1409.15,1397.68,1406.29,0
11/23/2012,1391.03,1409.16,1391.03,1409.15,0
11/21/2012,1387.79,1391.25,1386.39,1391.03,0
11/20/2012,1386.82,1389.77,1377.04,1387.81,0
11/19/2012,1365.2,1386.89,1365.2,1386.89,0
11/16/2012,1353.37,1362.03,1343.35,1359.88,0
11/15/2012,1355.41,1360.62,1348.05,1353.33,0
11/14/2012,1374.64,1380.13,1352.5,1355.49,0
11/13/2012,1375.65,1388.81,1371.39,1374.53,0
11/12/2012,1379.86,1384.87,1377.19,1380.03,0
11/09/2012,1376.42,1391.39,1373.03,1379.85,0
11/08/2012,1394.53,1401.23,1377.51,1377.51,0
11/07/2012,1428.27,1428.27,1388.14,1394.53,0
11/06/2012,1417.26,1433.38,1417.26,1428.39,0
11/05/2012,1414.02,1419.9,1408.13,1417.26,0
11/02/2012,1427.59,1434.27,1412.91,1414.2,0
11/01/2012,1412.2,1428.35,1412.2,1427.59,0
10/31/2012,1410.99,1418.76,1405.95,1412.16,0
10/26/2012,1412.97,1417.09,1403.28,1411.94,0
10/25/2012,1409.74,1421.12,1405.14,1412.97,0
10/24/2012,1413.2,1420.04,1407.1,1408.75,0
10/23/2012,1433.74,1433.74,1407.56,1413.11,0
10/22/2012,1433.21,1435.46,1422.06,1433.82,0
10/19/2012,1457.34,1457.34,1429.85,1433.19,0
10/18/2012,1460.94,1464.02,1452.63,1457.34,0
10/17/2012,1454.22,1462.2,1453.35,1460.91,0
10/16/2012,1440.31,1455.51,1440.31,1454.92,0
10/15/2012,1428.75,1441.31,1427.24,1440.13,0
10/12/2012,1432.84,1438.43,1425.53,1428.59,0
10/11/2012,1432.82,1443.9,1432.82,1432.84,0
10/10/2012,1441.48,1442.52,1430.64,1432.56,0
10/09/2012,1455.9,1455.9,1441.18,1441.48,0
10/08/2012,1460.93,1460.93,1453.1,1455.88,0
10/05/2012,1461.4,1470.96,1456.89,1460.93,0
10/04/2012,1451.08,1463.14,1451.08,1461.4,0
10/03/2012,1446.05,1454.3,1441.99,1450.99,0
10/02/2012,1444.99,1451.52,1439.01,1445.75,0
10/01/2012,1440.9,1457.14,1440.9,1444.49,0
09/28/2012,1447.13,1447.13,1435.6,1440.67,0
09/27/2012,1433.36,1450.2,1433.36,1447.15,0
09/26/2012,1441.6,1441.6,1430.53,1433.32,0
09/25/2012,1456.94,1463.24,1441.59,1441.59,0
09/24/2012,1459.76,1460.72,1452.06,1456.89,0
09/21/2012,1460.34,1467.07,1459.51,1460.15,0
09/20/2012,1461.05,1461.23,1449.98,1460.26,0
09/19/2012,1459.5,1465.15,1457.88,1461.05,0
09/18/2012,1461.19,1461.47,1456.13,1459.32,0
09/17/2012,1465.42,1465.63,1457.55,1461.19,0
09/14/2012,1460.07,1474.51,1460.07,1465.77,0
09/13/2012,1436.56,1463.76,1435.34,1459.99,0
09/12/2012,1433.56,1439.15,1432.99,1436.56,0
09/11/2012,1429.13,1437.76,1429.13,1433.56,0
09/10/2012,1437.92,1438.74,1428.98,1429.08,0
09/07/2012,1432.12,1437.92,1431.45,1437.92,0
09/06/2012,1403.74,1432.12,1403.74,1432.12,0
09/05/2012,1404.94,1408.81,1401.25,1403.44,0
09/04/2012,1406.54,1409.31,1396.56,1404.94,0
08/31/2012,1400.07,1413.09,1398.96,1406.58,0
08/30/2012,1410.08,1410.08,1397.01,1399.48,0
08/29/2012,1409.32,1413.95,1406.57,1410.49,0
08/28/2012,1410.44,1413.63,1405.59,1409.3,0
08/27/2012,1411.13,1416.17,1409.11,1410.44,0
08/24/2012,1401.99,1413.46,1398.04,1411.13,0
08/23/2012,1413.49,1413.49,1400.5,1402.08,0
08/22/2012,1413.09,1416.12,1406.78,1413.49,0
08/21/2012,1418.13,1426.68,1410.86,1413.17,0
08/20/2012,1417.85,1418.13,1412.12,1418.13,0
08/17/2012,1415.84,1418.71,1414.67,1418.16,0
08/16/2012,1405.57,1417.44,1404.15,1415.51,0
08/15/2012,1403.89,1407.73,1401.83,1405.53,0
08/14/2012,1404.36,1410.03,1400.6,1403.93,0
08/13/2012,1405.87,1405.87,1397.32,1404.11,0
08/10/2012,1402.58,1405.98,1395.62,1405.87,0
08/09/2012,1402.26,1405.95,1398.8,1402.8,0
08/08/2012,1401.23,1404.14,1396.13,1402.22,0
08/07/2012,1394.46,1407.14,1394.46,1401.35,0
08/06/2012,1391.04,1399.63,1391.04,1394.23,0
08/03/2012,1365.45,1394.16,1365.45,1390.99,0
08/02/2012,1375.13,1375.13,1354.65,1365,0
08/01/2012,1379.32,1385.03,1373.35,1375.32,0
07/31/2012,1385.27,1387.16,1379.17,1379.32,0
07/30/2012,1385.94,1391.74,1381.37,1385.3,0
07/27/2012,1360.05,1389.19,1360.05,1385.97,0
07/26/2012,1338.17,1363.13,1338.17,1360.02,0
07/25/2012,1338.35,1343.98,1331.5,1337.89,0
07/24/2012,1350.52,1351.53,1329.24,1338.31,0
07/23/2012,1362.34,1362.34,1337.56,1350.52,0
07/20/2012,1376.51,1376.51,1362.19,1362.66,0
07/19/2012,1373.01,1380.39,1371.21,1376.51,0
07/18/2012,1363.58,1375.26,1358.96,1372.78,0
07/17/2012,1353.68,1365.36,1345.07,1363.67,0
07/16/2012,1356.5,1357.26,1348.51,1353.64,0
07/13/2012,1334.81,1357.7,1334.81,1356.78,0
07/12/2012,1341.29,1341.29,1325.41,1334.76,0
07/11/2012,1341.4,1345,1333.25,1341.45,0
07/10/2012,1352.96,1361.54,1336.27,1341.47,0
07/09/2012,1354.66,1354.87,1346.65,1352.46,0
07/06/2012,1367.09,1367.09,1348.03,1354.68,0
07/05/2012,1373.72,1373.85,1363.02,1367.58,0
07/03/2012,1365.75,1374.81,1363.53,1374.02,0
07/02/2012,1362.33,1366.35,1355.7,1365.51,0
06/29/2012,1330.12,1362.17,1330.12,1362.16,0
06/28/2012,1331.52,1331.52,1313.29,1329.04,0
06/27/2012,1320.71,1334.4,1320.71,1331.85,0
06/26/2012,1314.09,1324.24,1310.3,1319.99,0
06/25/2012,1334.9,1334.9,1309.27,1313.72,0
06/22/2012,1325.92,1337.82,1325.92,1335.02,0
06/21/2012,1355.43,1358.27,1324.41,1325.51,0
06/20/2012,1358.04,1361.01,1346.45,1355.69,0
06/19/2012,1344.83,1363.46,1344.83,1357.98,0
06/18/2012,1342.42,1348.22,1334.46,1344.78,0
06/15/2012,1329.19,1343.32,1329.19,1342.84,0
06/14/2012,1314.88,1331.95,1314.45,1329.1,0
06/13/2012,1324.02,1327.28,1310.51,1314.88,0
06/12/2012,1309.4,1324.31,1306.92,1324.18,0
06/11/2012,1329.43,1335.52,1307.73,1308.93,0
06/08/2012,1314.99,1325.81,1307.77,1325.66,0
06/07/2012,1316.15,1329.05,1312.68,1314.99,0
06/06/2012,1285.61,1315.13,1285.61,1315.13,0
06/05/2012,1277.82,1287.62,1274.16,1285.5,0
06/04/2012,1278.29,1282.55,1266.74,1278.18,0
06/01/2012,1309.87,1309.87,1277.25,1278.04,0
05/31/2012,1313.09,1319.74,1298.9,1310.33,0
05/30/2012,1331.25,1331.25,1310.76,1313.32,0
05/29/2012,1318.9,1334.93,1318.9,1332.42,0
05/25/2012,1320.81,1324.2,1314.23,1317.82,0
05/24/2012,1318.72,1324.14,1310.5,1320.68,0
05/23/2012,1316.02,1320.71,1296.53,1318.86,0
05/22/2012,1316.09,1328.49,1310.04,1316.63,0
05/21/2012,1295.73,1316.39,1295.73,1315.99,0
05/18/2012,1305.05,1312.24,1291.98,1295.22,0
05/17/2012,1324.82,1326.36,1304.86,1304.86,0
05/16/2012,1330.78,1341.78,1324.79,1324.8,0
05/15/2012,1338.36,1344.94,1328.41,1330.66,0
05/14/2012,1351.93,1351.93,1336.61,1338.35,0
05/11/2012,1358.11,1365.66,1348.89,1353.39,0
05/10/2012,1354.58,1365.88,1354.58,1357.99,0
05/09/2012,1363.2,1363.73,1343.13,1354.58,0
05/08/2012,1369.16,1369.16,1347.75,1363.72,0
05/07/2012,1368.79,1373.91,1363.94,1369.58,0
05/04/2012,1391.51,1391.51,1367.96,1369.1,0
05/03/2012,1402.32,1403.07,1388.71,1391.57,0
05/02/2012,1405.5,1405.5,1393.92,1402.31,0
05/01/2012,1397.86,1415.32,1395.73,1405.82,0
04/30/2012,1403.26,1403.26,1394,1397.91,0
04/27/2012,1400.19,1406.64,1397.31,1403.36,0
04/26/2012,1390.64,1402.09,1387.28,1399.98,0
04/25/2012,1372.11,1391.37,1372.11,1390.69,0
04/24/2012,1366.97,1375.57,1366.82,1371.97,0
04/23/2012,1378.53,1378.53,1358.79,1366.94,0
04/20/2012,1376.96,1387.4,1376.96,1378.53,0
04/19/2012,1385.08,1390.46,1370.3,1376.92,0
04/18/2012,1390.78,1390.78,1383.29,1385.14,0
04/17/2012,1369.57,1392.76,1369.57,1390.78,0
04/16/2012,1370.27,1379.66,1365.61,1369.57,0
04/13/2012,1387.61,1387.61,1369.85,1370.26,0
04/12/2012,1368.77,1388.13,1368.77,1387.57,0
04/11/2012,1358.98,1374.71,1358.98,1368.71,0
04/10/2012,1382.18,1383.01,1357.38,1358.59,0
04/09/2012,1397.45,1397.45,1378.24,1382.2,0
04/05/2012,1398.79,1401.6,1392.92,1398.08,0
04/04/2012,1413.09,1413.09,1394.09,1398.96,0
04/03/2012,1418.98,1419,1404.62,1413.38,0
04/02/2012,1408.47,1422.38,1404.46,1419.04,0
03/30/2012,1403.31,1410.89,1401.42,1408.47,0
03/29/2012,1405.39,1405.39,1391.56,1403.28,0
03/28/2012,1412.52,1413.65,1397.2,1405.54,0
03/27/2012,1416.55,1419.15,1411.95,1412.52,0
03/26/2012,1397.11,1416.58,1397.11,1416.51,0
03/23/2012,1393.35,1399.18,1386.93,1397.11,0
03/22/2012,1399.68,1399.68,1388.73,1392.78,0
03/21/2012,1405.52,1407.75,1400.64,1402.89,0
03/20/2012,1409.59,1409.59,1397.68,1405.52,0
03/19/2012,1404.57,1414,1402.43,1409.75,0
03/16/2012,1402.82,1405.88,1401.47,1404.17,0
03/15/2012,1394.17,1402.63,1392.89,1402.6,0
03/14/2012,1395.95,1399.42,1389.97,1394.28,0
03/13/2012,1374.58,1396.13,1374.58,1395.95,0
03/12/2012,1370.78,1373.04,1366.69,1371.09,0
03/09/2012,1366.89,1374.76,1366.89,1370.87,0
03/08/2012,1355.47,1368.72,1355.47,1365.91,0
03/07/2012,1343.39,1354.85,1343.39,1352.63,0
03/06/2012,1359.72,1359.72,1340.03,1343.36,0
03/05/2012,1369.59,1369.59,1359.13,1364.33,0
03/02/2012,1374.09,1374.53,1366.42,1369.63,0
03/01/2012,1367.75,1376.17,1367.75,1374.09,0
02/29/2012,1372.2,1378.04,1363.81,1365.68,0
02/28/2012,1367.56,1373.09,1365.97,1372.18,0
02/27/2012,1365.2,1371.94,1354.92,1367.59,0
02/24/2012,1364.4,1368.92,1363.47,1365.74,0
02/23/2012,1357.53,1364.24,1352.28,1363.46,0
02/22/2012,1362.11,1362.64,1355.53,1357.66,0
02/21/2012,1362.26,1367.76,1358.11,1362.21,0
02/17/2012,1357.73,1363.33,1357.24,1361.23,0
02/16/2012,1342.61,1359.02,1341.22,1358.04,0
02/15/2012,1350.52,1355.87,1340.8,1343.23,0
02/14/2012,1351.3,1351.3,1340.83,1350.5,0
02/13/2012,1343.06,1353.35,1343.06,1351.77,0
02/10/2012,1348.4,1348.4,1337.35,1342.64,0
02/09/2012,1349.97,1354.32,1344.63,1351.95,0
02/08/2012,1347.28,1351,1341.95,1349.96,0
02/07/2012,1344.33,1349.24,1335.92,1347.05,0
02/06/2012,1344.32,1344.35,1337.52,1344.33,0
02/03/2012,1326.21,1345.34,1326.21,1344.9,0
02/02/2012,1324.91,1329.19,1321.57,1325.54,0
02/01/2012,1314.7,1330.52,1314.7,1324.09,0
01/31/2012,1313.53,1321.41,1306.69,1312.41,0
01/30/2012,1312,1314,1300.49,1313.01,0
01/27/2012,1318.25,1320.06,1311.72,1316.33,0
01/26/2012,1327.31,1333.47,1313.6,1318.43,0
01/25/2012,1316.63,1328.3,1307.65,1326.06,0
01/24/2012,1315.96,1315.96,1306.06,1314.65,0
01/23/2012,1315.42,1322.28,1309.89,1316,0
01/20/2012,1312.37,1315.38,1309.17,1315.38,0
01/19/2012,1309.44,1315.49,1308.23,1314.5,0
01/18/2012,1293.65,1308.11,1290.99,1308.04,0
01/17/2012,1290.22,1303,1290.22,1293.67,0
01/13/2012,1292.37,1292.37,1277.61,1289.09,0
01/12/2012,1293.63,1296.82,1285.77,1295.5,0
01/11/2012,1292.02,1293.8,1285.41,1292.48,0
01/10/2012,1280.77,1296.46,1280.77,1292.08,0
01/09/2012,1279.64,1281.99,1274.55,1280.7,0
01/06/2012,1280.93,1281.84,1273.34,1277.81,0
01/05/2012,1277.3,1283.05,1265.26,1281.06,0
01/04/2012,1275.65,1278.73,1268.1,1277.3,0
01/03/2012,1258.86,1284.62,1258.86,1277.06,0
