Date,Open,High,Low,Close,Volume
12/31/2010,1.3288,1.34216,1.32849,1.33838,0
12/30/2010,1.32245,1.33131,1.32165,1.32875,0
12/29/2010,1.3114,1.32375,1.3083,1.32242,0
12/28/2010,1.31634,1.32733,1.30941,1.31139,0
12/27/2010,1.3114,1.31691,1.30713,1.31638,0
12/24/2010,1.3113,1.31466,1.30942,1.31197,0
12/23/2010,1.3097,1.31505,1.30548,1.31127,0
12/22/2010,1.3099,1.31793,1.30774,1.30982,0
12/21/2010,1.313,1.32001,1.30733,1.30997,0
12/20/2010,1.3165,1.31858,1.30946,1.31301,0
12/17/2010,1.3243,1.33575,1.31326,1.31843,0
12/16/2010,1.3213,1.32636,1.31809,1.32427,0
12/15/2010,1.3377,1.33803,1.3208,1.32128,0
12/14/2010,1.3391,1.34959,1.33632,1.33769,0
12/13/2010,1.3217,1.34319,1.31817,1.33898,0
12/10/2010,1.3236,1.32816,1.31783,1.32267,0
12/09/2010,1.3259,1.33217,1.31646,1.32373,0
12/08/2010,1.3259,1.32789,1.31794,1.3261,0
12/07/2010,1.33068,1.33993,1.32573,1.32603,0
12/06/2010,1.34101,1.34209,1.32471,1.33062,0
12/03/2010,1.3209,1.34356,1.31926,1.34113,0
12/02/2010,1.3136,1.32462,1.30602,1.32078,0
12/01/2010,1.29814,1.31795,1.2971,1.31387,0
11/30/2010,1.3126,1.3149,1.29693,1.29821,0
11/29/2010,1.32481,1.33,1.30637,1.31276,0
11/26/2010,1.33583,1.3362,1.3201,1.3248,0
11/25/2010,1.33361,1.3387,1.3287,1.33607,0
11/24/2010,1.3369,1.3421,1.3285,1.3336,0
11/23/2010,1.363,1.3647,1.3362,1.33683,0
11/22/2010,1.374,1.3786,1.3577,1.3628,0
11/19/2010,1.364,1.37311,1.3609,1.3685,0
11/18/2010,1.35243,1.3667,1.35243,1.36414,0
11/17/2010,1.34901,1.3612,1.3461,1.3523,0
11/16/2010,1.3589,1.36552,1.3448,1.349,0
11/15/2010,1.3702,1.3751,1.3564,1.35866,0
11/12/2010,1.36686,1.3777,1.3574,1.3691,0
11/11/2010,1.37818,1.3821,1.3637,1.3667,0
11/10/2010,1.37739,1.38251,1.3671,1.37823,0
11/09/2010,1.39211,1.39734,1.3752,1.37722,0
11/08/2010,1.4057,1.4085,1.3888,1.392,0
11/05/2010,1.4205,1.42487,1.4024,1.4032,0
11/04/2010,1.4137,1.4282,1.4102,1.4206,0
11/03/2010,1.4032,1.41833,1.3991,1.41388,0
11/02/2010,1.3894,1.4058,1.3881,1.4033,0
11/01/2010,1.39181,1.4011,1.3863,1.3892,0
10/29/2010,1.393,1.3951,1.3807,1.3925,0
10/28/2010,1.377,1.39454,1.3763,1.393,0
10/27/2010,1.38595,1.3878,1.3734,1.3768,0
10/26/2010,1.3964,1.3982,1.3825,1.38574,0
10/25/2010,1.39273,1.408,1.39273,1.39644,0
10/22/2010,1.3922,1.3972,1.38589,1.3927,0
10/21/2010,1.3963,1.405,1.3872,1.39195,0
10/20/2010,1.37273,1.3991,1.3697,1.3964,0
10/19/2010,1.3935,1.40034,1.37134,1.3726,0
10/18/2010,1.39738,1.3998,1.3831,1.39343,0
10/15/2010,1.4082,1.41579,1.3937,1.3973,0
10/14/2010,1.396,1.4122,1.3954,1.4083,0
10/13/2010,1.3925,1.4002,1.3911,1.396,0
10/12/2010,1.38772,1.3936,1.3776,1.3925,0
10/11/2010,1.39283,1.40117,1.3866,1.38768,0
10/08/2010,1.39269,1.39838,1.3834,1.3928,0
10/07/2010,1.3928,1.4029,1.38573,1.3925,0
10/06/2010,1.3837,1.3948,1.37992,1.3929,0
10/05/2010,1.3688,1.3859,1.3644,1.38384,0
10/04/2010,1.38,1.3806,1.36669,1.36858,0
10/01/2010,1.3634,1.3791,1.3618,1.3778,0
09/30/2010,1.3626,1.3683,1.356,1.3634,0
09/29/2010,1.3584,1.36461,1.3566,1.36261,0
09/28/2010,1.3473,1.3595,1.33817,1.3584,0
09/27/2010,1.34873,1.3506,1.3425,1.34734,0
09/24/2010,1.33156,1.3494,1.3286,1.3491,0
09/23/2010,1.3405,1.34134,1.3305,1.3313,0
09/22/2010,1.3263,1.344,1.3247,1.3405,0
09/21/2010,1.306,1.32856,1.3056,1.32634,0
09/20/2010,1.30366,1.3121,1.3029,1.3058,0
09/17/2010,1.3077,1.3159,1.302,1.3036,0
09/16/2010,1.301,1.3117,1.2976,1.3078,0
09/15/2010,1.2997,1.3037,1.2956,1.30105,0
09/14/2010,1.288,1.3033,1.283,1.2997,0
09/13/2010,1.27101,1.28921,1.27048,1.2882,0
09/10/2010,1.2696,1.2747,1.2644,1.2708,0
09/09/2010,1.2719,1.2766,1.2665,1.26944,0
09/08/2010,1.26831,1.2763,1.2659,1.272,0
09/07/2010,1.28766,1.28766,1.2677,1.2682,0
09/06/2010,1.289,1.29182,1.2866,1.2875,0
09/03/2010,1.2824,1.2897,1.2809,1.2895,0
09/02/2010,1.2806,1.28481,1.2777,1.2824,0
09/01/2010,1.2679,1.28551,1.2663,1.2808,0
08/31/2010,1.2664,1.27425,1.266,1.2679,0
08/30/2010,1.2733,1.2769,1.2659,1.2662,0
08/27/2010,1.2712,1.2779,1.26769,1.2733,0
08/26/2010,1.2656,1.27641,1.265,1.2714,0
08/25/2010,1.26286,1.2726,1.2609,1.2657,0
08/24/2010,1.2656,1.2719,1.2588,1.2626,0
08/23/2010,1.27079,1.2729,1.2647,1.2656,0
08/20/2010,1.28238,1.2833,1.2663,1.2709,0
08/19/2010,1.28542,1.29021,1.2772,1.28224,0
08/18/2010,1.2883,1.2922,1.2824,1.2852,0
08/17/2010,1.2824,1.2916,1.2804,1.28845,0
08/16/2010,1.2752,1.2871,1.275,1.28258,0
08/13/2010,1.2828,1.2906,1.2752,1.2752,0
08/12/2010,1.28637,1.2932,1.2781,1.2829,0
08/11/2010,1.31784,1.31863,1.286,1.28623,0
08/10/2010,1.3221,1.3234,1.30749,1.31765,0
08/09/2010,1.328,1.33073,1.3216,1.322,0
08/06/2010,1.3187,1.3334,1.3158,1.3281,0
08/05/2010,1.3162,1.32351,1.31199,1.3189,0
08/04/2010,1.3229,1.32393,1.31319,1.3161,0
08/03/2010,1.3179,1.32621,1.31477,1.32311,0
08/02/2010,1.3038,1.3195,1.3038,1.31794,0
07/30/2010,1.3078,1.3086,1.2981,1.3039,0
07/29/2010,1.29954,1.3107,1.2978,1.3078,0
07/28/2010,1.2996,1.3042,1.29671,1.29945,0
07/27/2010,1.2992,1.3046,1.29525,1.2996,0
07/26/2010,1.2907,1.3005,1.28777,1.2994,0
07/23/2010,1.2891,1.2965,1.27944,1.2911,0
07/22/2010,1.2756,1.2931,1.27379,1.28931,0
07/21/2010,1.2882,1.2913,1.2733,1.27545,0
07/20/2010,1.2942,1.3028,1.284,1.2881,0
07/19/2010,1.2934,1.2992,1.2871,1.29414,0
07/16/2010,1.29484,1.3007,1.289,1.293,0
07/15/2010,1.2743,1.29543,1.2709,1.2948,0
07/14/2010,1.2723,1.2778,1.2683,1.2743,0
07/13/2010,1.2599,1.2738,1.2523,1.27238,0
07/12/2010,1.2642,1.2647,1.2552,1.25969,0
07/09/2010,1.2695,1.2722,1.2609,1.2639,0
07/08/2010,1.2636,1.2712,1.2621,1.2697,0
07/07/2010,1.2626,1.2664,1.2554,1.26384,0
07/06/2010,1.2541,1.2662,1.24808,1.2626,0
07/05/2010,1.2564,1.2565,1.251,1.2538,0
07/02/2010,1.25262,1.2611,1.24829,1.256,0
07/01/2010,1.2236,1.254,1.21939,1.2527,0
06/30/2010,1.2189,1.2304,1.2167,1.2237,0
06/29/2010,1.2279,1.22904,1.2152,1.21882,0
06/28/2010,1.2369,1.2397,1.2266,1.22779,0
06/25/2010,1.2332,1.2395,1.22545,1.2373,0
06/24/2010,1.231,1.2388,1.2262,1.23336,0
06/23/2010,1.2273,1.23432,1.221,1.23113,0
06/22/2010,1.2314,1.2354,1.2252,1.227,0
06/21/2010,1.2388,1.2467,1.23047,1.2314,0
06/18/2010,1.2387,1.2416,1.2354,1.239,0
06/17/2010,1.2311,1.24121,1.2242,1.2389,0
06/16/2010,1.2332,1.2353,1.2255,1.231,0
06/15/2010,1.222,1.2349,1.21689,1.23324,0
06/14/2010,1.2113,1.2298,1.20943,1.22205,0
06/11/2010,1.2121,1.21523,1.2045,1.2113,0
06/10/2010,1.1978,1.2142,1.19576,1.2124,0
06/09/2010,1.1972,1.2073,1.1925,1.19784,0
06/08/2010,1.19245,1.2009,1.1902,1.19724,0
06/07/2010,1.1966,1.1991,1.1877,1.19235,0
06/04/2010,1.2164,1.2215,1.1956,1.1969,0
06/03/2010,1.22482,1.2326,1.2153,1.21616,0
06/02/2010,1.223,1.2273,1.2176,1.2249,0
06/01/2010,1.2305,1.23533,1.21115,1.22287,0
05/31/2010,1.2271,1.2334,1.2261,1.2306,0
05/28/2010,1.236,1.2453,1.2266,1.2272,0
05/27/2010,1.2175,1.23944,1.2154,1.23618,0
05/26/2010,1.2346,1.2388,1.2167,1.2175,0
05/25/2010,1.2371,1.23718,1.21779,1.2345,0
05/24/2010,1.2563,1.2572,1.23447,1.23705,0
05/21/2010,1.2487,1.2672,1.24559,1.2568,0
05/20/2010,1.2414,1.2598,1.2296,1.2489,0
05/19/2010,1.2203,1.2424,1.21444,1.24148,0
05/18/2010,1.2394,1.2444,1.2162,1.2203,0
05/17/2010,1.2356,1.2414,1.2235,1.23955,0
05/14/2010,1.2537,1.2576,1.2354,1.2362,0
05/13/2010,1.2616,1.2684,1.25188,1.25343,0
05/12/2010,1.26646,1.2739,1.2606,1.26148,0
05/11/2010,1.2786,1.28026,1.2657,1.2663,0
05/10/2010,1.2753,1.3094,1.27318,1.27861,0
05/07/2010,1.2624,1.27975,1.2587,1.2754,0
05/06/2010,1.2817,1.2857,1.25205,1.26216,0
05/05/2010,1.2989,1.2996,1.2804,1.2814,0
05/04/2010,1.3196,1.32134,1.2982,1.29882,0
05/03/2010,1.3295,1.336,1.31549,1.3195,0
04/30/2010,1.3231,1.3342,1.32245,1.3297,0
04/29/2010,1.3219,1.3278,1.3185,1.3234,0
04/28/2010,1.3176,1.3266,1.3115,1.322,0
04/27/2010,1.33827,1.34148,1.31666,1.31747,0
04/26/2010,1.3382,1.33971,1.3292,1.33827,0
04/23/2010,1.3295,1.33995,1.32026,1.3381,0
04/22/2010,1.33905,1.3421,1.32599,1.3294,0
04/21/2010,1.3436,1.3447,1.3359,1.339,0
04/20/2010,1.34905,1.3522,1.3429,1.34346,0
04/19/2010,1.3504,1.35091,1.3417,1.34895,0
04/16/2010,1.35739,1.35846,1.3473,1.3504,0
04/15/2010,1.3653,1.36664,1.35218,1.35732,0
04/14/2010,1.3611,1.36782,1.3595,1.3653,0
04/13/2010,1.3588,1.3627,1.35459,1.3613,0
04/12/2010,1.3498,1.3692,1.34946,1.3592,0
04/09/2010,1.336,1.3498,1.3342,1.3498,0
04/08/2010,1.33445,1.33658,1.32831,1.33607,0
04/07/2010,1.3402,1.34081,1.3327,1.33434,0
04/06/2010,1.34848,1.3497,1.3356,1.33984,0
04/05/2010,1.3505,1.3538,1.3461,1.34841,0
04/02/2010,1.3587,1.35904,1.3476,1.3503,0
04/01/2010,1.35084,1.3591,1.3461,1.35894,0
03/31/2010,1.34146,1.35482,1.33851,1.35102,0
03/30/2010,1.3482,1.3537,1.3396,1.3413,0
03/29/2010,1.3408,1.3506,1.3408,1.3482,0
03/26/2010,1.3274,1.3425,1.3268,1.341,0
03/25/2010,1.33154,1.3387,1.3268,1.3272,0
03/24/2010,1.35,1.3507,1.33129,1.33132,0
03/23/2010,1.3556,1.35693,1.34763,1.34994,0
03/22/2010,1.3531,1.3568,1.3464,1.3558,0
03/19/2010,1.36096,1.36264,1.35033,1.35305,0
03/18/2010,1.3739,1.3761,1.3587,1.36084,0
03/17/2010,1.3764,1.3818,1.3727,1.37371,0
03/16/2010,1.3678,1.37832,1.3657,1.37655,0
03/15/2010,1.3767,1.3775,1.364,1.3677,0
03/12/2010,1.3679,1.3796,1.367,1.3767,0
03/11/2010,1.3656,1.3687,1.36219,1.36802,0
03/10/2010,1.3603,1.36795,1.3545,1.36566,0
03/09/2010,1.3632,1.36351,1.3538,1.36017,0
03/08/2010,1.3623,1.3704,1.3606,1.36335,0
03/05/2010,1.35819,1.363,1.35306,1.3624,0
03/04/2010,1.3696,1.3712,1.35519,1.35807,0
03/03/2010,1.3614,1.3736,1.3593,1.3696,0
03/02/2010,1.35615,1.3622,1.34349,1.36147,0
03/01/2010,1.3628,1.36543,1.3461,1.356,0
02/26/2010,1.3546,1.3683,1.3531,1.3628,0
02/25/2010,1.3536,1.35705,1.34519,1.35492,0
02/24/2010,1.35085,1.3626,1.3503,1.35388,0
02/23/2010,1.3597,1.36914,1.3497,1.3508,0
02/22/2010,1.361,1.36533,1.3575,1.3596,0
02/19/2010,1.3529,1.3618,1.34443,1.3616,0
02/18/2010,1.36075,1.36545,1.34985,1.3526,0
02/17/2010,1.3768,1.37881,1.35858,1.3605,0
02/16/2010,1.36002,1.3779,1.3589,1.37681,0
02/15/2010,1.3635,1.3635,1.3579,1.3598,0
02/12/2010,1.36944,1.3695,1.3532,1.3631,0
02/11/2010,1.3737,1.3801,1.3596,1.3693,0
02/10/2010,1.3795,1.3812,1.3677,1.37365,0
02/09/2010,1.36505,1.3839,1.36435,1.3796,0
02/08/2010,1.368,1.3713,1.3622,1.3648,0
02/05/2010,1.3726,1.3746,1.3586,1.3677,0
02/04/2010,1.3894,1.3902,1.3724,1.3724,0
02/03/2010,1.3963,1.4026,1.3886,1.3895,0
02/02/2010,1.393,1.3974,1.3887,1.3964,0
02/01/2010,1.3865,1.3938,1.38539,1.393,0
01/29/2010,1.3973,1.3987,1.3863,1.3864,0
01/28/2010,1.4024,1.4052,1.3934,1.3971,0
01/27/2010,1.40731,1.4097,1.3994,1.4023,0
01/26/2010,1.415,1.4179,1.4043,1.4072,0
01/25/2010,1.4138,1.4194,1.4129,1.415,0
01/22/2010,1.4087,1.4182,1.4067,1.4138,0
01/21/2010,1.41078,1.4143,1.403,1.40856,0
01/20/2010,1.429,1.4295,1.4081,1.4106,0
01/19/2010,1.4386,1.4414,1.4253,1.4288,0
01/18/2010,1.439,1.44,1.4336,1.43838,0
01/15/2010,1.45,1.4512,1.4337,1.4387,0
01/14/2010,1.451,1.4556,1.4447,1.4499,0
01/13/2010,1.44868,1.4579,1.4457,1.4511,0
01/12/2010,1.4512,1.4545,1.4454,1.4487,0
01/11/2010,1.4409,1.4557,1.4409,1.4513,0
01/08/2010,1.431,1.4439,1.4264,1.441,0
01/07/2010,1.4409,1.4447,1.43,1.4309,0
01/06/2010,1.4368,1.4435,1.4283,1.44098,0
01/05/2010,1.4412,1.4484,1.4347,1.4366,0
01/04/2010,1.431,1.4456,1.4258,1.4413,0
