Date,Open,High,Low,Close,Volume
12/31/2013,1.38012,1.38118,1.37401,1.37402,0
12/30/2013,1.37494,1.38184,1.3728,1.38021,0
12/27/2013,1.36897,1.38923,1.36868,1.37423,0
12/26/2013,1.3681,1.37011,1.3663,1.36902,0
12/24/2013,1.36943,1.37104,1.36542,1.36742,0
12/23/2013,1.3674,1.37164,1.36668,1.3695,0
12/20/2013,1.36609,1.37087,1.36246,1.3671,0
12/19/2013,1.36824,1.36934,1.36492,1.36601,0
12/18/2013,1.37671,1.38106,1.36741,1.36833,0
12/17/2013,1.37604,1.37816,1.37224,1.37672,0
12/16/2013,1.3729,1.3798,1.37271,1.37599,0
12/13/2013,1.37523,1.37685,1.3709,1.3742,0
12/12/2013,1.37848,1.38027,1.3737,1.37521,0
12/11/2013,1.37601,1.38101,1.37405,1.37849,0
12/10/2013,1.37381,1.37941,1.3733,1.37601,0
12/09/2013,1.3714,1.37447,1.36938,1.37378,0
12/06/2013,1.36669,1.37058,1.36197,1.37022,0
12/05/2013,1.35909,1.36767,1.35426,1.36663,0
12/04/2013,1.3585,1.36043,1.35282,1.35922,0
12/03/2013,1.3541,1.36133,1.35238,1.35881,0
12/02/2013,1.3581,1.36152,1.35254,1.35405,0
11/29/2013,1.36036,1.3621,1.35795,1.35912,0
11/28/2013,1.35782,1.36175,1.35631,1.36041,0
11/27/2013,1.3571,1.36121,1.35569,1.35784,0
11/26/2013,1.35156,1.35742,1.35145,1.3571,0
11/25/2013,1.3549,1.35592,1.34899,1.35155,0
11/22/2013,1.3481,1.3557,1.34618,1.3557,0
11/21/2013,1.34382,1.34857,1.33991,1.34809,0
11/20/2013,1.35373,1.35764,1.34151,1.34381,0
11/19/2013,1.35042,1.35463,1.34874,1.35373,0
11/18/2013,1.3491,1.35413,1.34739,1.35048,0
11/15/2013,1.34605,1.35048,1.34318,1.34952,0
11/14/2013,1.34848,1.34963,1.3418,1.34578,0
11/13/2013,1.3434,1.34947,1.33896,1.34856,0
11/12/2013,1.34061,1.34553,1.33586,1.34347,0
11/11/2013,1.33521,1.34156,1.33441,1.34056,0
11/08/2013,1.3418,1.34373,1.33177,1.3368,0
11/07/2013,1.35126,1.35284,1.32953,1.34182,0
11/06/2013,1.34733,1.35467,1.3467,1.3512,0
11/05/2013,1.3513,1.35222,1.3449,1.34737,0
11/04/2013,1.34873,1.35237,1.3442,1.35131,0
11/01/2013,1.3582,1.35889,1.34794,1.34867,0
10/31/2013,1.37346,1.37381,1.35748,1.35829,0
10/30/2013,1.37443,1.3784,1.36955,1.3735,0
10/29/2013,1.37845,1.38125,1.3736,1.37446,0
10/28/2013,1.38,1.38168,1.37745,1.37844,0
10/25/2013,1.38,1.38316,1.37741,1.3805,0
10/24/2013,1.37747,1.38246,1.3764,1.38004,0
10/23/2013,1.37802,1.37925,1.37413,1.3775,0
10/22/2013,1.36789,1.37914,1.36617,1.37799,0
10/21/2013,1.36829,1.3688,1.36542,1.36795,0
10/18/2013,1.36749,1.37033,1.36591,1.3689,0
10/17/2013,1.35337,1.36812,1.35151,1.36746,0
10/16/2013,1.35234,1.3567,1.34723,1.35327,0
10/15/2013,1.3561,1.35704,1.34792,1.35227,0
10/14/2013,1.35613,1.3597,1.35447,1.35601,0
10/11/2013,1.35196,1.35811,1.35174,1.35402,0
10/10/2013,1.3523,1.35457,1.34872,1.35188,0
10/09/2013,1.35722,1.36039,1.34857,1.35232,0
10/08/2013,1.358,1.36065,1.35567,1.35724,0
10/07/2013,1.35626,1.35906,1.35423,1.35799,0
10/04/2013,1.36175,1.3631,1.3538,1.3556,0
10/03/2013,1.3578,1.36453,1.3577,1.36173,0
10/02/2013,1.3525,1.36065,1.35051,1.35778,0
10/01/2013,1.3524,1.35873,1.35165,1.3525,0
09/30/2013,1.3485,1.35555,1.34768,1.35251,0
09/27/2013,1.3487,1.3564,1.34736,1.3524,0
09/26/2013,1.3525,1.35293,1.34719,1.34875,0
09/25/2013,1.34734,1.35366,1.34618,1.35246,0
09/24/2013,1.34922,1.35184,1.34639,1.34724,0
09/23/2013,1.3551,1.35521,1.34796,1.34919,0
09/20/2013,1.3528,1.3548,1.34982,1.35222,0
09/19/2013,1.3521,1.35681,1.35005,1.35284,0
09/18/2013,1.33578,1.35411,1.33377,1.35207,0
09/17/2013,1.3333,1.33687,1.33247,1.3358,0
09/16/2013,1.33019,1.33849,1.33017,1.33334,0
09/13/2013,1.32978,1.33208,1.32539,1.32978,0
09/12/2013,1.33091,1.33237,1.32561,1.32982,0
09/11/2013,1.32672,1.33238,1.32434,1.33101,0
09/10/2013,1.3254,1.32752,1.32299,1.32666,0
09/09/2013,1.3166,1.32801,1.31591,1.32539,0
09/06/2013,1.312,1.31884,1.31043,1.31771,0
09/05/2013,1.3207,1.32224,1.31103,1.31192,0
09/04/2013,1.31686,1.32174,1.31566,1.32059,0
09/03/2013,1.31903,1.31964,1.31385,1.31694,0
09/02/2013,1.32168,1.32265,1.31831,1.31906,0
08/30/2013,1.32399,1.3254,1.31741,1.32192,0
08/29/2013,1.3338,1.33424,1.3219,1.32399,0
08/28/2013,1.33912,1.3397,1.3305,1.33382,0
08/27/2013,1.3366,1.33981,1.33227,1.33918,0
08/26/2013,1.33833,1.33938,1.33565,1.33677,0
08/23/2013,1.3356,1.34089,1.33335,1.3384,0
08/22/2013,1.33531,1.33726,1.32977,1.33554,0
08/21/2013,1.3416,1.34263,1.33353,1.33543,0
08/20/2013,1.3334,1.34514,1.33229,1.34161,0
08/19/2013,1.3333,1.3374,1.33148,1.33334,0
08/16/2013,1.33464,1.3379,1.33106,1.3328,0
08/15/2013,1.32536,1.33621,1.32053,1.33458,0
08/14/2013,1.32606,1.32786,1.32387,1.32541,0
08/13/2013,1.3299,1.33164,1.32331,1.32611,0
08/12/2013,1.33372,1.33435,1.32768,1.32988,0
08/09/2013,1.338,1.33896,1.3332,1.3341,0
08/08/2013,1.3336,1.33992,1.33275,1.33801,0
08/07/2013,1.33035,1.33446,1.32656,1.3335,0
08/06/2013,1.3258,1.33226,1.32456,1.3304,0
08/05/2013,1.32731,1.32997,1.32325,1.32572,0
08/02/2013,1.32063,1.32935,1.3189,1.32685,0
08/01/2013,1.3302,1.33103,1.31942,1.32059,0
07/31/2013,1.32615,1.33438,1.32111,1.33009,0
07/30/2013,1.326,1.33008,1.32341,1.32613,0
07/29/2013,1.32823,1.32945,1.32389,1.32612,0
07/26/2013,1.3277,1.32963,1.3252,1.32762,0
07/25/2013,1.32002,1.32952,1.31654,1.32761,0
07/24/2013,1.3221,1.32555,1.31768,1.32001,0
07/23/2013,1.3185,1.3238,1.31631,1.32222,0
07/22/2013,1.31352,1.32172,1.31348,1.31845,0
07/19/2013,1.31085,1.31525,1.30884,1.31391,0
07/18/2013,1.3125,1.31265,1.30664,1.3108,0
07/17/2013,1.31605,1.31746,1.30839,1.31244,0
07/16/2013,1.30613,1.31736,1.30518,1.31612,0
07/15/2013,1.30694,1.30811,1.29933,1.30612,0
07/12/2013,1.30951,1.30996,1.2999,1.3069,0
07/11/2013,1.2977,1.32048,1.29623,1.30958,0
07/10/2013,1.2781,1.29829,1.27645,1.2975,0
07/09/2013,1.2869,1.28978,1.27567,1.27801,0
07/08/2013,1.28142,1.28816,1.28092,1.28695,0
07/05/2013,1.29134,1.29159,1.28056,1.2827,0
07/04/2013,1.30086,1.30226,1.28828,1.29129,0
07/03/2013,1.29778,1.30307,1.29227,1.3009,0
07/02/2013,1.30633,1.30777,1.29634,1.2978,0
07/01/2013,1.30037,1.30663,1.30036,1.30631,0
06/28/2013,1.3039,1.31023,1.29912,1.3009,0
06/27/2013,1.3011,1.30549,1.30001,1.30377,0
06/26/2013,1.3081,1.30865,1.29846,1.30109,0
06/25/2013,1.31181,1.315,1.30647,1.30805,0
06/24/2013,1.30967,1.31432,1.30589,1.3118,0
06/21/2013,1.32178,1.32535,1.30988,1.31221,0
06/20/2013,1.32935,1.33011,1.31613,1.32182,0
06/19/2013,1.33912,1.34149,1.32618,1.32936,0
06/18/2013,1.33641,1.34148,1.33253,1.33919,0
06/17/2013,1.3343,1.33807,1.3318,1.33652,0
06/14/2013,1.33735,1.33738,1.32946,1.33418,0
06/13/2013,1.33357,1.33896,1.32784,1.33741,0
06/12/2013,1.3312,1.33586,1.32655,1.33362,0
06/11/2013,1.3256,1.33168,1.32322,1.33125,0
06/10/2013,1.31942,1.32685,1.31771,1.32564,0
06/07/2013,1.32452,1.32841,1.31915,1.32168,0
06/06/2013,1.30925,1.33047,1.30744,1.3245,0
06/05/2013,1.308,1.31134,1.30527,1.30921,0
06/04/2013,1.30748,1.31004,1.30422,1.30802,0
06/03/2013,1.29898,1.31069,1.29553,1.30697,0
05/31/2013,1.3047,1.30586,1.29442,1.29948,0
05/30/2013,1.29391,1.30608,1.29329,1.30479,0
05/29/2013,1.2855,1.29763,1.28379,1.29387,0
05/28/2013,1.29279,1.29483,1.28488,1.28547,0
05/27/2013,1.2934,1.2948,1.29151,1.29283,0
05/24/2013,1.29329,1.29929,1.29037,1.29298,0
05/23/2013,1.28578,1.2955,1.28213,1.29326,0
05/22/2013,1.2904,1.29976,1.28331,1.28578,0
05/21/2013,1.2882,1.29326,1.2841,1.29051,0
05/20/2013,1.283,1.29004,1.2819,1.28817,0
05/17/2013,1.2881,1.28891,1.27962,1.28378,0
05/16/2013,1.28841,1.29293,1.2846,1.28813,0
05/15/2013,1.292,1.29418,1.2843,1.28852,0
05/14/2013,1.2974,1.30277,1.29164,1.29189,0
05/13/2013,1.2965,1.29979,1.29411,1.2974,0
05/10/2013,1.30404,1.30501,1.29352,1.29918,0
05/09/2013,1.31518,1.31766,1.30102,1.30411,0
05/08/2013,1.3077,1.31935,1.30715,1.31516,0
05/07/2013,1.30763,1.31313,1.3067,1.30776,0
05/06/2013,1.3112,1.31401,1.30535,1.30752,0
05/03/2013,1.30638,1.31578,1.30337,1.31158,0
05/02/2013,1.31789,1.32165,1.30373,1.30641,0
05/01/2013,1.31661,1.32418,1.31601,1.31783,0
04/30/2013,1.30971,1.31848,1.30544,1.31664,0
04/29/2013,1.3035,1.31157,1.3031,1.30974,0
04/26/2013,1.30105,1.30466,1.29906,1.30289,0
04/25/2013,1.3014,1.30929,1.29892,1.30107,0
04/24/2013,1.2999,1.30336,1.29546,1.3014,0
04/23/2013,1.30668,1.30829,1.29724,1.29976,0
04/22/2013,1.3083,1.30833,1.3015,1.30662,0
04/19/2013,1.3049,1.31274,1.30453,1.30502,0
04/18/2013,1.30304,1.30955,1.30206,1.30495,0
04/17/2013,1.31757,1.31977,1.30018,1.30305,0
04/16/2013,1.3035,1.3201,1.30281,1.3176,0
04/15/2013,1.3111,1.31139,1.30212,1.30341,0
04/12/2013,1.31,1.31259,1.30366,1.31098,0
04/11/2013,1.3068,1.3138,1.30436,1.30993,0
04/10/2013,1.3081,1.31214,1.30516,1.30692,0
04/09/2013,1.3008,1.31026,1.3005,1.30815,0
04/08/2013,1.297,1.30366,1.29652,1.30078,0
04/05/2013,1.2935,1.3039,1.28998,1.29906,0
04/04/2013,1.2847,1.29482,1.27468,1.29348,0
04/03/2013,1.28184,1.28636,1.27893,1.28482,0
04/02/2013,1.2848,1.28771,1.28086,1.28182,0
04/01/2013,1.2802,1.2867,1.27704,1.2848,0
03/29/2013,1.2815,1.28363,1.27935,1.28218,0
03/28/2013,1.2779,1.2844,1.27552,1.28152,0
03/27/2013,1.2861,1.28665,1.27513,1.2779,0
03/26/2013,1.2851,1.2888,1.28289,1.28601,0
03/25/2013,1.2948,1.30475,1.28303,1.28517,0
03/22/2013,1.2898,1.30086,1.2888,1.29852,0
03/21/2013,1.2932,1.29548,1.28798,1.28977,0
03/20/2013,1.28817,1.2977,1.2856,1.29319,0
03/19/2013,1.29558,1.29689,1.28438,1.28812,0
03/18/2013,1.2912,1.29947,1.28814,1.29554,0
03/15/2013,1.30041,1.31067,1.29986,1.30743,0
03/14/2013,1.2959,1.3031,1.29108,1.30038,0
03/13/2013,1.3031,1.30643,1.29235,1.296,0
03/12/2013,1.30449,1.30737,1.29909,1.30329,0
03/11/2013,1.2984,1.30528,1.29788,1.30448,0
03/08/2013,1.31066,1.31339,1.29551,1.30038,0
03/07/2013,1.29652,1.31178,1.29652,1.31059,0
03/06/2013,1.30496,1.30699,1.29642,1.29659,0
03/05/2013,1.30253,1.30747,1.30098,1.305,0
03/04/2013,1.3012,1.30308,1.2982,1.30251,0
03/01/2013,1.3057,1.31005,1.29663,1.30171,0
02/28/2013,1.3138,1.31611,1.30529,1.30557,0
02/27/2013,1.306,1.31461,1.30412,1.31371,0
02/26/2013,1.306,1.31198,1.30182,1.30604,0
02/25/2013,1.321,1.33177,1.30477,1.30612,0
02/22/2013,1.3189,1.32441,1.31455,1.31908,0
02/21/2013,1.3278,1.32889,1.31612,1.31879,0
02/20/2013,1.33879,1.34325,1.3271,1.32785,0
02/19/2013,1.33499,1.33952,1.33289,1.33871,0
02/18/2013,1.3346,1.33775,1.33214,1.33501,0
02/15/2013,1.33624,1.33924,1.33063,1.33658,0
02/14/2013,1.34509,1.34546,1.33157,1.33615,0
02/13/2013,1.34532,1.35192,1.34268,1.34517,0
02/12/2013,1.3405,1.34749,1.33644,1.34528,0
02/11/2013,1.3355,1.34271,1.33541,1.34049,0
02/08/2013,1.33961,1.34284,1.33529,1.33622,0
02/07/2013,1.3523,1.35767,1.33705,1.3396,0
02/06/2013,1.3582,1.35955,1.34937,1.3521,0
02/05/2013,1.3513,1.35965,1.34582,1.35824,0
02/04/2013,1.3644,1.3658,1.35049,1.35127,0
02/01/2013,1.3577,1.37106,1.35721,1.36418,0
01/31/2013,1.3566,1.35925,1.35408,1.35768,0
01/30/2013,1.3491,1.35866,1.34813,1.35662,0
01/29/2013,1.3453,1.34964,1.34143,1.34908,0
01/28/2013,1.3454,1.34764,1.34246,1.34542,0
01/25/2013,1.33753,1.34783,1.335,1.34628,0
01/24/2013,1.3317,1.3392,1.32861,1.33758,0
01/23/2013,1.3321,1.33536,1.32646,1.33168,0
01/22/2013,1.33114,1.33711,1.32669,1.33209,0
01/21/2013,1.3307,1.33317,1.32989,1.33118,0
01/18/2013,1.3375,1.33976,1.32799,1.33118,0
01/17/2013,1.3288,1.33868,1.32697,1.33749,0
01/16/2013,1.3304,1.33243,1.32568,1.32884,0
01/15/2013,1.33809,1.33932,1.32647,1.33043,0
01/14/2013,1.3357,1.34033,1.33358,1.33808,0
01/11/2013,1.3271,1.33644,1.32481,1.33423,0
01/10/2013,1.3063,1.32713,1.30381,1.32708,0
01/09/2013,1.3081,1.30953,1.30367,1.30635,0
01/08/2013,1.31151,1.31394,1.30565,1.30802,0
01/07/2013,1.3082,1.31189,1.30168,1.31155,0
01/04/2013,1.3048,1.30886,1.29976,1.30673,0
01/03/2013,1.3185,1.31897,1.30461,1.30478,0
01/02/2013,1.3202,1.32987,1.31566,1.31853,0
01/01/2013,1.31963,1.32215,1.31733,1.32013,0
