Date,Open,High,Low,Close,Volume
12/31/2009,92.42001,93.14001,91.923,93.03,0
12/30/2009,91.98,92.76,91.916,92.439,0
12/29/2009,91.617,92.07,91.534,92,0
12/28/2009,91.42001,91.76501,91.42001,91.64001,0
12/24/2009,91.647,91.773,91.14001,91.54,0
12/23/2009,91.82,91.866,91.32,91.649,0
12/22/2009,91.16,91.862,91.01,91.827,0
12/21/2009,90.41,91.233,90.19,91.189,0
12/18/2009,89.951,90.91,88.95,90.43,0
12/17/2009,89.76,90.363,89.57101,89.96,0
12/16/2009,89.6,89.97701,89.394,89.78,0
12/15/2009,88.64001,89.948,88.589,89.62,0
12/14/2009,89,89.317,88.328,88.63,0
12/11/2009,88.19,89.805,88.19,89.08,0
12/10/2009,87.87801,88.448,87.744,88.208,0
12/09/2009,88.45,88.691,87.376,87.87,0
12/08/2009,89.52,89.52,88.19,88.448,0
12/07/2009,90.52,90.52,89.06,89.505,0
12/04/2009,88.26,90.773,88,90.53,0
12/03/2009,87.37,88.48,87.37,88.27,0
12/02/2009,86.67001,87.484,86.6,87.371,0
12/01/2009,86.42001,87.53,86.17001,86.69,0
11/30/2009,86.51,87.027,85.87,86.41,0
11/27/2009,86.583,87.01,84.83,86.43,0
11/26/2009,87.363,87.475,86.3,86.56,0
11/25/2009,88.52,88.63,87.223,87.35,0
11/24/2009,88.95,89.06,88.36,88.51,0
11/23/2009,88.89001,89.19,88.58,88.98,0
11/20/2009,89.001,89.13,88.688,88.86501,0
11/19/2009,89.3,89.43301,88.648,88.971,0
11/18/2009,89.238,89.48,89.02,89.32,0
11/17/2009,89.073,89.533,88.741,89.26,0
11/16/2009,89.69,89.704,88.76,89.06,0
11/13/2009,90.345,90.413,89.472,89.67001,0
11/12/2009,89.845,90.61,89.647,90.37,0
11/11/2009,89.816,90.039,89.305,89.85101,0
11/10/2009,89.914,90.179,89.692,89.817,0
11/09/2009,89.9,90.26,89.7,89.936,0
11/06/2009,90.74001,90.862,89.62,89.89001,0
11/05/2009,90.745,90.86,89.996,90.73,0
11/04/2009,90.32,91.32,90.056,90.763,0
11/03/2009,90.2,90.576,89.88,90.337,0
11/02/2009,90.11,90.693,89.198,90.22,0
10/30/2009,91.4,91.576,89.927,90.105,0
10/29/2009,90.72,91.61501,90.25201,91.42001,0
10/28/2009,91.812,91.813,90.556,90.72,0
10/27/2009,92.164,92.32101,91.71301,91.8,0
10/26/2009,92.04,92.281,91.58,92.18,0
10/23/2009,91.27,92.12,91.27,92.06,0
10/22/2009,90.979,91.707,90.79,91.298,0
10/21/2009,90.76,91.271,90.496,90.99001,0
10/20/2009,90.56,91.07,90.082,90.78,0
10/19/2009,90.88,91.13,90.376,90.56,0
10/16/2009,90.54,91.32,90.518,90.92001,0
10/15/2009,89.453,90.775,89.28,90.56,0
10/14/2009,89.738,89.902,88.844,89.449,0
10/13/2009,89.81,90.19,89.441,89.72,0
10/12/2009,89.76,90.452,89.48,89.83,0
10/09/2009,88.4,89.88,88.368,89.74001,0
10/08/2009,88.62801,88.71,88.15301,88.395,0
10/07/2009,88.83801,89.389,88.01501,88.62,0
10/06/2009,89.544,89.651,88.634,88.82,0
10/05/2009,89.79,89.98,89.41,89.531,0
10/02/2009,89.62,89.925,88.624,89.8,0
10/01/2009,89.72,90.167,89.426,89.59,0
09/30/2009,90.063,90.409,89.367,89.7,0
09/29/2009,89.62,90.362,89.61,90.09,0
09/28/2009,89.66,89.78,88.25,89.63,0
09/25/2009,91.29,91.35101,89.52,89.632,0
09/24/2009,91.31,91.62801,90.361,91.273,0
09/23/2009,91.12,91.538,90.492,91.31,0
09/22/2009,91.92001,92.10101,90.944,91.1,0
09/21/2009,91.3,92.53,91.3,91.94,0
09/18/2009,91.075,91.53201,91.004,91.3,0
09/17/2009,90.951,91.61401,90.53,91.083,0
09/16/2009,91,91.358,90.139,90.94,0
09/15/2009,90.927,91.64001,90.8,91.035,0
09/14/2009,90.74001,91.13,90.22,90.93,0
09/11/2009,91.75,91.79,90.22,90.7,0
09/10/2009,92.06,92.255,91.438,91.74001,0
09/09/2009,92.34,92.58801,91.618,92.04,0
09/08/2009,93.048,93.087,92.04501,92.33,0
09/07/2009,92.96301,93.29501,92.826,93.07,0
09/04/2009,92.63,93.255,92.288,92.99001,0
09/03/2009,92.22,92.78,91.95,92.65,0
09/02/2009,92.93,93.05901,92.11,92.21,0
09/01/2009,93.139,93.44,92.82,92.92101,0
08/31/2009,93.58,93.58,92.549,93.12,0
08/28/2009,93.54,94.072,93.422,93.6,0
08/27/2009,94.237,94.283,93.221,93.52,0
08/26/2009,94.2,94.58,93.88,94.25,0
08/25/2009,94.56,94.67001,93.794,94.18,0
08/24/2009,94.37,95.062,94.31,94.56,0
08/21/2009,94.18,94.718,93.43301,94.39001,0
08/20/2009,94.08,94.548,93.86501,94.2,0
08/19/2009,94.66,94.957,93.678,94.08,0
08/18/2009,94.52,95.288,94.349,94.681,0
08/17/2009,94.96,94.96,94.2,94.519,0
08/14/2009,95.46,95.47,94.431,94.92001,0
08/13/2009,96.05,96.484,95.05,95.46,0
08/12/2009,96.01,96.73,95.12801,96.06,0
08/11/2009,97.16,97.165,95.767,96.01,0
08/10/2009,97.54,97.75,96.92001,97.16,0
08/07/2009,95.444,97.781,95.057,97.55,0
08/06/2009,94.98,95.806,94.78,95.46,0
08/05/2009,95.247,95.394,94.634,94.98,0
08/04/2009,95.26,95.46,94.36501,95.234,0
08/03/2009,94.69,95.425,94.591,95.27,0
07/31/2009,95.54601,95.836,94.52801,94.67001,0
07/30/2009,94.97,95.886,94.837,95.567,0
07/29/2009,94.57,95.36,94.02,94.99001,0
07/28/2009,95.17001,95.268,94.048,94.548,0
07/27/2009,94.81,95.38,94.7,95.174,0
07/24/2009,94.93,95.16,94.599,94.85,0
07/23/2009,93.673,95.294,93.539,94.94,0
07/22/2009,93.76,93.86401,93.096,93.66,0
07/21/2009,94.206,94.39001,93.29,93.75,0
07/20/2009,94.17001,94.79,94.136,94.19,0
07/17/2009,93.944,94.376,93.487,94.22,0
07/16/2009,94.21,94.44,93.275,93.92001,0
07/15/2009,93.494,94.46,93.256,94.24001,0
07/14/2009,92.94,93.76,92.734,93.51,0
07/13/2009,92.59,93.03201,91.78,92.92001,0
07/10/2009,92.98,93.17001,91.861,92.55,0
07/09/2009,92.9,93.586,92.398,92.99001,0
07/08/2009,94.769,94.769,91.88,92.89001,0
07/07/2009,95.376,95.41,94.71301,94.897,0
07/06/2009,95.95,95.952,94.64001,95.36,0
07/03/2009,95.96,96.108,95.7,96.02,0
07/02/2009,96.64001,96.87,95.731,95.94,0
07/01/2009,96.342,96.953,96.177,96.66,0
06/30/2009,96.05901,96.473,95.22,96.35,0
06/29/2009,95.22,96.14001,95.16,96.07,0
06/26/2009,95.94,96.039,95.05,95.23,0
06/25/2009,95.626,96.55,95.618,95.96,0
06/24/2009,95.244,96.05,95.06,95.64001,0
06/23/2009,95.87,95.87,94.88,95.222,0
06/22/2009,96.25,96.25,95.71,95.87,0
06/19/2009,96.52,97.16,95.98,96.26,0
06/18/2009,95.78,96.7,95.64001,96.58,0
06/17/2009,96.404,96.75,95.53,95.75,0
06/16/2009,97.82,97.82,96.09,96.38,0
06/15/2009,98.39001,98.561,97.57,97.82,0
06/12/2009,97.65,98.411,97.472,98.4,0
06/11/2009,98.105,98.51,97.336,97.608,0
06/10/2009,97.397,98.437,97.1,98.133,0
06/09/2009,98.473,98.55,97.25,97.4,0
06/08/2009,98.63,98.85,98.201,98.523,0
06/05/2009,96.6,98.87,96.56,98.62,0
06/04/2009,95.96,96.95,95.94,96.62,0
06/03/2009,95.77,96.41,95.38,95.97,0
06/02/2009,96.52,96.576,95.32,95.716,0
06/01/2009,95.39001,96.783,94.46,96.62,0
05/29/2009,96.84,96.872,95.05,95.29,0
05/28/2009,95.384,97.221,95.384,96.8,0
05/27/2009,94.962,95.48,94.695,95.32,0
05/26/2009,94.82,95.12,94.52,95.02,0
05/25/2009,94.74001,95.17001,94.42001,94.827,0
05/22/2009,94.431,94.897,93.86,94.79,0
05/21/2009,94.93,95.21,93.96301,94.368,0
05/20/2009,95.97,96.207,94.71301,94.9,0
05/19/2009,96.28,96.67101,95.917,95.955,0
05/18/2009,95.41,96.454,94.55,96.3,0
05/15/2009,95.78,96.1,94.754,95.21,0
05/14/2009,95.332,95.855,95.12801,95.82,0
05/13/2009,96.47,96.668,95.202,95.28,0
05/12/2009,97.51,97.82,96.1,96.454,0
05/11/2009,98.5,98.805,97.25,97.52,0
05/08/2009,99.09,99.54,98.35,98.45,0
05/07/2009,98.4,99.66,98.4,99.108,0
05/06/2009,98.84,99.01,97.95,98.294,0
05/05/2009,98.83,99.18,98.61,98.856,0
05/04/2009,99.06,99.54,98.72,98.81,0
05/01/2009,98.66,99.576,98.66,99.14001,0
04/30/2009,97.65,98.99001,97.11,98.658,0
04/29/2009,96.47,97.88,96.47,97.672,0
04/28/2009,96.7,96.7,95.52,96.432,0
04/27/2009,97.108,97.108,96.35,96.75301,0
04/24/2009,97.95,97.95,96.55,97.15,0
04/23/2009,98.04,98.438,97.61,97.97,0
04/22/2009,98.703,98.74001,97.51,98.013,0
04/21/2009,97.93,98.901,97.7,98.74001,0
04/20/2009,99.16,99.402,97.68,97.93301,0
04/17/2009,99.3,99.755,98.62,99.17001,0
04/16/2009,99.36,99.514,98.43,99.32,0
04/15/2009,98.98,99.661,98.13,99.36401,0
04/14/2009,100.12,100.43,98.75,98.98,0
04/13/2009,100.29,100.723,99.9,100.12,0
04/09/2009,99.78,100.57,99.65,100.42,0
04/08/2009,100.45,100.87,99.30901,99.769,0
04/07/2009,100.862,100.862,99.78,100.44,0
04/06/2009,100.34,101.45,100.34,101.02,0
04/03/2009,99.51,100.37,99.25,100.34,0
04/02/2009,98.54,99.904,98.36,99.521,0
04/01/2009,98.945,99.466,98.2,98.52,0
03/31/2009,97.28,99.36401,97.26,98.995,0
03/30/2009,97.85,98.34,95.87,97.25301,0
03/27/2009,98.71,98.77,97.01,97.87,0
03/26/2009,97.57,98.85,97.57,98.74001,0
03/25/2009,97.90301,98.30901,96.83,97.56,0
03/24/2009,97.01,98.569,97.01,97.86,0
03/23/2009,95.939,97.342,95.56,96.94,0
03/20/2009,94.51,96.26501,94.06,95.935,0
03/19/2009,96.25201,96.61,93.47,94.55,0
03/18/2009,98.55,98.80801,95.706,96.21,0
03/17/2009,98.17001,98.97,98.17001,98.59,0
03/16/2009,97.93301,98.66,97.91,98.22,0
03/13/2009,97.67001,98.66,97.11,98.031,0
03/12/2009,97.27,98.526,95.58,97.74001,0
03/11/2009,98.677,98.81,97.17001,97.291,0
03/10/2009,98.84,99.134,97.83,98.663,0
03/09/2009,98.26,99.2,97.95,98.84,0
03/06/2009,98.068,98.504,96.49001,98.32,0
03/05/2009,99.15,99.68,97.798,98.08,0
03/04/2009,98.17001,99.48,98.17001,99.148,0
03/03/2009,97.47,98.592,97,98.17001,0
03/02/2009,97.63,97.91,96.89001,97.43,0
02/27/2009,98.354,98.354,96.78,97.6,0
02/26/2009,97.37,98.712,97.3,98.49001,0
02/25/2009,96.63,97.79,96.27,97.4,0
02/24/2009,94.597,96.96,94.24001,96.656,0
02/23/2009,93.37,94.96,92.73,94.62801,0
02/20/2009,94.18,94.38,92.658,93.29,0
02/19/2009,93.78,94.47,93.26,94.21,0
02/18/2009,92.393,93.97,92.06,93.793,0
02/17/2009,91.76,92.75,91.48,92.41,0
02/16/2009,91.84,92.09,91.4,91.75,0
02/13/2009,90.96,92.14001,90.51,91.92001,0
02/12/2009,90.42001,91.057,89.73,90.98,0
02/11/2009,90.5,90.728,89.66,90.42001,0
02/10/2009,91.47,91.66,90.12,90.488,0
02/09/2009,91.78,92.11,90.86,91.458,0
02/06/2009,91.15,92.18,90.65,91.86,0
02/05/2009,89.41,92.136,89.2,91.16,0
02/04/2009,89.445,89.8,88.75,89.44,0
02/03/2009,89.43,89.98,88.51,89.44,0
02/02/2009,89.92001,89.981,88.73,89.46,0
01/30/2009,90.03,90.048,89.08,89.94,0
01/29/2009,90.18,90.66,89.46,89.999,0
01/28/2009,88.964,90.64001,88.8,90.3,0
01/27/2009,89.06,90.07,88.34,88.96,0
01/23/2009,88.927,89.63,87.9,88.71,0
01/22/2009,89.45,89.54601,88,88.884,0
01/21/2009,89.78,90.162,87.04,89.473,0
01/20/2009,90.654,90.97,89.71,89.762,0
01/19/2009,90.7,91.24001,90.07,90.656,0
01/16/2009,89.81,90.91,89.81,90.69,0
01/15/2009,89.072,90,88.39001,89.812,0
01/14/2009,89.35101,89.964,88.55,89.036,0
01/13/2009,89.233,89.88,88.71,89.397,0
01/12/2009,90.26,90.26,88.79,89.21,0
01/09/2009,91.23,91.65,90.06,90.35,0
01/08/2009,92.68,92.95,90.75,91.2,0
01/07/2009,93.65,94.16,92.31,92.64001,0
01/06/2009,93.411,94.64001,92.82,93.669,0
01/05/2009,91.79,93.57,91.72,93.35,0
01/02/2009,90.74001,92.41,90.64001,91.85,0
