Date,Open,High,Low,Close,Volume
01/01/2013,86.73,86.763,86.564,86.678,0
12/31/2012,85.72,86.777,85.663,86.704,0
12/28/2012,86.08401,86.626,85.888,85.936,0
12/27/2012,85.622,86.137,85.474,86.086,0
12/26/2012,84.75,85.711,84.733,85.616,0
12/25/2012,84.93,84.937,84.664,84.79,0
12/24/2012,84.35,84.936,84.318,84.93401,0
12/21/2012,84.375,84.437,83.853,84.22701,0
12/20/2012,84.393,84.449,83.853,84.368,0
12/19/2012,84.197,84.609,84.15701,84.393,0
12/18/2012,83.88,84.261,83.815,84.195,0
12/17/2012,84.37,84.37,83.605,83.881,0
12/14/2012,83.64001,83.957,83.319,83.506,0
12/13/2012,83.25,83.668,83.12,83.638,0
12/12/2012,82.51,83.291,82.47701,83.25,0
12/11/2012,82.356,82.57,82.297,82.507,0
12/10/2012,82.48,82.634,82.113,82.354,0
12/07/2012,82.38,82.825,82.18,82.498,0
12/06/2012,82.45,82.612,82.2,82.389,0
12/05/2012,81.89001,82.475,81.791,82.461,0
12/04/2012,82.24001,82.258,81.71301,81.889,0
12/03/2012,82.38,82.498,81.991,82.237,0
11/30/2012,82.11,82.742,82.042,82.458,0
11/29/2012,82.068,82.211,81.911,82.103,0
11/28/2012,82.14001,82.20901,81.685,82.066,0
11/27/2012,82.067,82.313,81.85101,82.146,0
11/26/2012,82.32,82.618,81.928,82.067,0
11/23/2012,82.445,82.501,82.05901,82.386,0
11/22/2012,82.52,82.833,82.263,82.445,0
11/21/2012,81.663,82.548,81.644,82.514,0
11/20/2012,81.41,81.755,81.134,81.666,0
11/19/2012,81.38,81.583,81.082,81.402,0
11/16/2012,81.15,81.435,80.894,81.3,0
11/15/2012,80.233,81.456,80.121,81.158,0
11/14/2012,79.37,80.304,79.366,80.237,0
11/13/2012,79.478,79.635,79.202,79.371,0
11/12/2012,79.46,79.56,79.35201,79.47701,0
11/09/2012,79.47,79.607,79.069,79.468,0
11/08/2012,79.983,80.007,79.316,79.462,0
11/07/2012,80.347,80.404,79.759,79.985,0
11/06/2012,80.281,80.438,79.958,80.345,0
11/05/2012,80.42001,80.556,80.148,80.277,0
11/02/2012,80.111,80.669,80.104,80.40301,0
11/01/2012,79.764,80.201,79.758,80.121,0
10/31/2012,79.619,79.956,79.514,79.757,0
10/30/2012,79.789,80.113,79.275,79.616,0
10/29/2012,79.63,79.839,79.521,79.791,0
10/26/2012,80.29,80.373,79.514,79.636,0
10/25/2012,79.8,80.33801,79.764,80.29,0
10/24/2012,79.839,79.918,79.691,79.794,0
10/23/2012,79.94,79.998,79.68,79.843,0
10/22/2012,79.25,79.948,79.181,79.904,0
10/19/2012,79.188,79.413,79.099,79.326,0
10/18/2012,78.928,79.438,78.82,79.23,0
10/17/2012,78.879,79.042,78.578,78.896,0
10/16/2012,78.631,78.958,78.543,78.845,0
10/15/2012,78.45,78.85101,78.284,78.604,0
10/12/2012,78.257,78.524,78.25,78.444,0
10/11/2012,78.167,78.578,77.913,78.306,0
10/10/2012,78.24001,78.367,78.091,78.162,0
10/09/2012,78.32,78.425,78.125,78.211,0
10/08/2012,78.66,78.75201,78.04,78.297,0
10/05/2012,78.464,78.86501,78.242,78.666,0
10/04/2012,78.48,78.711,78.247,78.45901,0
10/03/2012,78.141,78.577,78.083,78.438,0
10/02/2012,77.98,78.207,77.931,78.126,0
10/01/2012,77.97,78.133,77.75201,77.954,0
09/28/2012,77.589,78.10101,77.431,77.916,0
09/27/2012,77.731,77.75,77.578,77.591,0
09/26/2012,77.79,77.895,77.582,77.733,0
09/25/2012,77.84,77.919,77.656,77.794,0
09/24/2012,78.16,78.176,77.799,77.84,0
09/21/2012,78.24001,78.363,78.10101,78.166,0
09/20/2012,78.36501,78.452,78.014,78.232,0
09/19/2012,78.802,79.211,78.256,78.36501,0
09/18/2012,78.7,78.866,78.483,78.803,0
09/17/2012,78.37,78.914,78.16,78.69601,0
09/14/2012,77.467,78.386,77.454,78.356,0
09/13/2012,77.84,77.862,77.195,77.474,0
09/12/2012,77.756,77.95901,77.732,77.837,0
09/11/2012,78.28,78.28,77.697,77.756,0
09/10/2012,78.23,78.324,78.18,78.27,0
09/07/2012,78.85,79.011,78.023,78.242,0
09/06/2012,78.38,79.007,78.36501,78.854,0
09/05/2012,78.399,78.529,78.307,78.379,0
09/04/2012,78.24001,78.462,78.24001,78.401,0
09/03/2012,78.32,78.394,78.187,78.25,0
08/31/2012,78.61401,78.645,78.23,78.376,0
08/30/2012,78.7,78.744,78.492,78.61401,0
08/29/2012,78.49001,78.78,78.47601,78.695,0
08/28/2012,78.74001,78.766,78.444,78.5,0
08/27/2012,78.66,78.836,78.624,78.734,0
08/24/2012,78.478,78.717,78.448,78.616,0
08/23/2012,78.57,78.687,78.36,78.484,0
08/22/2012,79.28,79.367,78.3,78.573,0
08/21/2012,79.414,79.519,79.214,79.277,0
08/20/2012,79.54,79.65,79.315,79.415,0
08/17/2012,79.33,79.567,79.228,79.55,0
08/16/2012,78.98901,79.396,78.90701,79.331,0
08/15/2012,78.72,79.042,78.60101,78.985,0
08/14/2012,78.3,78.925,78.294,78.724,0
08/13/2012,78.26,78.37,78.156,78.304,0
08/10/2012,78.55,78.634,78.158,78.266,0
08/09/2012,78.419,78.787,78.289,78.555,0
08/08/2012,78.59,78.652,78.23,78.423,0
08/07/2012,78.229,78.732,78.152,78.592,0
08/06/2012,78.43,78.636,78.135,78.232,0
08/03/2012,78.222,78.766,78.062,78.44601,0
08/02/2012,78.414,78.533,78.156,78.222,0
08/01/2012,78.11,78.497,77.923,78.425,0
07/31/2012,78.17001,78.297,78.033,78.109,0
07/30/2012,78.46,78.535,78.11501,78.161,0
07/27/2012,78.21,78.665,78.066,78.449,0
07/26/2012,78.15,78.31,78.024,78.212,0
07/25/2012,78.177,78.27,78.063,78.149,0
07/24/2012,78.38,78.384,78.095,78.18401,0
07/23/2012,78.42001,78.522,77.94601,78.376,0
07/20/2012,78.58,78.79601,78.442,78.469,0
07/19/2012,78.8,78.814,78.457,78.57,0
07/18/2012,79.05901,79.146,78.749,78.79,0
07/17/2012,78.86,79.164,78.783,79.049,0
07/16/2012,79.23,79.276,78.687,78.855,0
07/13/2012,79.30801,79.387,79.07,79.176,0
07/12/2012,79.74001,79.895,79.177,79.303,0
07/11/2012,79.41,79.78,79.13,79.746,0
07/10/2012,79.55,79.587,79.208,79.414,0
07/09/2012,79.62,79.755,79.418,79.55,0
07/06/2012,79.91,80.01501,79.499,79.659,0
07/05/2012,79.86,80.089,79.556,79.905,0
07/04/2012,79.779,79.882,79.58801,79.862,0
07/03/2012,79.5,79.922,79.404,79.78201,0
07/02/2012,79.8,79.97,79.306,79.50201,0
06/29/2012,79.44,79.981,79.139,79.78,0
06/28/2012,79.706,79.748,79.22701,79.443,0
06/27/2012,79.50301,79.857,79.344,79.706,0
06/26/2012,79.65301,79.77801,79.24001,79.501,0
06/25/2012,80.47,80.613,79.436,79.658,0
06/22/2012,80.275,80.562,80.00301,80.41,0
06/21/2012,79.52,80.325,79.384,80.268,0
06/20/2012,78.94,79.633,78.785,79.523,0
06/19/2012,79.09,79.12701,78.848,78.941,0
06/18/2012,78.77,79.293,78.75301,79.099,0
06/15/2012,79.339,79.506,78.606,78.694,0
06/14/2012,79.48,79.48,79.159,79.336,0
06/13/2012,79.50301,79.736,79.291,79.471,0
06/12/2012,79.43,79.68401,79.162,79.508,0
06/11/2012,79.69,79.717,79.35101,79.43401,0
06/08/2012,79.622,79.746,79.11501,79.471,0
06/07/2012,79.18,79.78,79.15301,79.62,0
06/06/2012,78.733,79.273,78.606,79.181,0
06/05/2012,78.33,78.915,78.107,78.735,0
06/04/2012,78.1,78.422,77.97701,78.331,0
06/01/2012,78.299,78.643,77.68401,78.006,0
05/31/2012,79.06,79.12,78.212,78.302,0
05/30/2012,79.48,79.556,78.886,79.05901,0
05/29/2012,79.46,79.634,79.37,79.482,0
05/28/2012,79.63,79.695,79.326,79.45901,0
05/25/2012,79.59,79.816,79.492,79.676,0
05/24/2012,79.46,79.629,79.336,79.585,0
05/23/2012,79.949,80.066,79.261,79.472,0
05/22/2012,79.29501,80.135,79.262,79.947,0
05/21/2012,79.07,79.442,79.05901,79.29,0
05/18/2012,79.258,79.458,78.991,79.001,0
05/17/2012,80.318,80.387,79.146,79.264,0
05/16/2012,80.172,80.54501,80.15,80.32101,0
05/15/2012,79.836,80.326,79.806,80.17101,0
05/14/2012,79.96,80.178,79.68301,79.835,0
05/11/2012,79.917,79.986,79.733,79.932,0
05/10/2012,79.619,80.009,79.596,79.918,0
05/09/2012,79.86,79.931,79.432,79.626,0
05/08/2012,79.882,80.07101,79.706,79.861,0
05/07/2012,79.83,79.991,79.641,79.884,0
05/04/2012,80.173,80.29,79.682,79.693,0
05/03/2012,80.138,80.54501,80.095,80.173,0
05/02/2012,80.08,80.603,80.038,80.131,0
05/01/2012,79.81,80.293,79.634,80.078,0
04/30/2012,80.3,80.38,79.732,79.813,0
04/27/2012,80.978,81.412,80.218,80.276,0
04/26/2012,81.341,81.415,80.664,80.98,0
04/25/2012,81.3,81.686,81.078,81.333,0
04/24/2012,81.167,81.38,80.85101,81.304,0
04/23/2012,81.56,81.652,80.971,81.172,0
04/20/2012,81.58801,81.77,81.474,81.506,0
04/19/2012,81.24001,81.72601,81.172,81.583,0
04/18/2012,80.831,81.55901,80.83,81.244,0
04/17/2012,80.398,80.92001,80.328,80.833,0
04/16/2012,80.88,80.98901,80.337,80.396,0
04/13/2012,80.874,81.189,80.823,80.914,0
04/12/2012,80.846,81.12801,80.731,80.874,0
04/11/2012,80.67001,81.099,80.575,80.85,0
04/10/2012,81.47701,81.854,80.643,80.664,0
04/09/2012,81.5,81.663,81.193,81.48,0
04/05/2012,82.45,82.466,81.825,82.353,0
04/04/2012,82.803,82.927,82.093,82.445,0
04/03/2012,82.061,82.984,81.548,82.801,0
04/02/2012,82.81,83.29601,81.88,82.065,0
03/30/2012,82.444,82.87,81.83,82.819,0
03/29/2012,82.889,82.96301,81.917,82.44,0
03/28/2012,83.16,83.202,82.605,82.885,0
03/27/2012,82.81,83.375,82.636,83.164,0
03/26/2012,82.39001,82.996,82.362,82.812,0
03/23/2012,82.52,82.945,82.009,82.329,0
03/22/2012,83.41,83.462,82.324,82.524,0
03/21/2012,83.691,84.091,83.288,83.395,0
03/20/2012,83.33,83.827,83.32,83.695,0
03/19/2012,83.36,83.563,83.013,83.336,0
03/16/2012,83.557,83.935,83.22601,83.444,0
03/15/2012,83.717,84.167,83.199,83.563,0
03/14/2012,82.93,83.82101,82.857,83.721,0
03/13/2012,82.23,83.076,81.962,82.936,0
03/12/2012,82.48,82.517,82.103,82.222,0
03/09/2012,81.535,82.636,81.469,82.436,0
03/08/2012,81.085,81.725,81.072,81.542,0
03/07/2012,80.881,81.212,80.578,81.076,0
03/06/2012,81.55,81.577,80.592,80.882,0
03/05/2012,81.8,81.855,81.15,81.54501,0
03/02/2012,81.1,81.863,81.075,81.68401,0
03/01/2012,81.136,81.356,80.835,81.10101,0
02/29/2012,80.44,81.305,80.243,81.135,0
02/28/2012,80.592,80.78,80.008,80.449,0
02/27/2012,81.26,81.624,80.126,80.597,0
02/24/2012,79.99001,81.205,79.92101,81.181,0
02/23/2012,80.28,80.348,79.849,79.988,0
02/22/2012,79.72,80.393,79.674,80.28201,0
02/21/2012,79.63,79.844,79.544,79.73,0
02/20/2012,79.61,79.87801,79.359,79.618,0
02/17/2012,78.93,79.60201,78.785,79.544,0
02/16/2012,78.43,78.958,78.355,78.924,0
02/15/2012,78.43,78.65701,78.177,78.426,0
02/14/2012,77.561,78.53201,77.359,78.426,0
02/13/2012,77.54,77.773,77.386,77.564,0
02/10/2012,77.64001,77.801,77.521,77.626,0
02/09/2012,77.024,77.719,77.004,77.654,0
02/08/2012,76.76,77.177,76.705,77.025,0
02/07/2012,76.544,76.958,76.51501,76.75301,0
02/06/2012,76.59,76.794,76.48901,76.54,0
02/03/2012,76.208,76.72601,76.132,76.596,0
02/02/2012,76.185,76.233,76.043,76.207,0
02/01/2012,76.254,76.344,76.026,76.199,0
01/31/2012,76.339,76.412,76.156,76.256,0
01/30/2012,76.66,76.768,76.22,76.331,0
01/27/2012,77.44,77.47701,76.643,76.664,0
01/26/2012,77.767,77.805,77.294,77.443,0
01/25/2012,77.666,78.276,77.55901,77.769,0
01/24/2012,77.01,77.829,76.948,77.662,0
01/23/2012,76.98,77.07,76.86,77.014,0
01/20/2012,77.105,77.298,76.913,77.014,0
01/19/2012,76.819,77.312,76.693,77.094,0
01/18/2012,76.82,76.86,76.644,76.814,0
01/17/2012,76.769,76.873,76.553,76.819,0
01/16/2012,77,77.099,76.693,76.77,0
01/13/2012,76.747,76.997,76.656,76.953,0
01/12/2012,76.84,76.971,76.662,76.749,0
01/11/2012,76.83,77.036,76.811,76.844,0
01/10/2012,76.83,76.899,76.764,76.837,0
01/09/2012,76.88,77,76.763,76.83401,0
01/06/2012,77.109,77.307,76.952,76.956,0
01/05/2012,76.698,77.235,76.661,77.104,0
01/04/2012,76.72,76.822,76.6,76.699,0
01/03/2012,76.87801,76.955,76.612,76.724,0
