Date,Open,High,Low,Close,Volume
12/31/2013,105.129,105.34,104.856,105.261,0
12/30/2013,105.22,105.408,104.975,105.134,0
12/27/2013,104.796,105.178,104.64,105.14,0
12/26/2013,104.358,104.834,104.295,104.782,0
12/24/2013,104.099,104.406,104.089,104.235,0
12/23/2013,103.95,104.117,103.767,104.084,0
12/20/2013,104.243,104.632,103.855,104.06,0
12/19/2013,104.277,104.359,103.779,104.226,0
12/18/2013,102.658,104.351,102.557,104.266,0
12/17/2013,103.001,103.104,102.499,102.647,0
12/16/2013,103.27,103.287,102.638,103.003,0
12/13/2013,103.363,103.917,102.987,103.2,0
12/12/2013,102.427,103.428,102.38,103.361,0
12/11/2013,102.827,102.944,102.159,102.416,0
12/10/2013,103.25,103.389,102.572,102.83,0
12/09/2013,102.94,103.323,102.879,103.244,0
12/06/2013,101.781,102.959,101.626,102.9,0
12/05/2013,102.342,102.436,101.624,101.779,0
12/04/2013,102.499,102.831,101.817,102.342,0
12/03/2013,102.928,103.372,101.977,102.495,0
12/02/2013,102.49,103.124,102.22,102.927,0
11/29/2013,102.298,102.606,102.111,102.362,0
11/28/2013,102.146,102.369,101.935,102.3,0
11/27/2013,101.279,102.19,101.176,102.142,0
11/26/2013,101.66,101.71,101.142,101.277,0
11/25/2013,101.28,101.91,101.134,101.664,0
11/22/2013,101.15,101.348,100.948,101.27,0
11/21/2013,100.02,101.157,100,101.149,0
11/20/2013,100.115,100.235,99.785,100.016,0
11/19/2013,99.985,100.252,99.565,100.121,0
11/18/2013,100.257,100.384,99.785,99.982,0
11/15/2013,100.006,100.428,99.938,100.18,0
11/14/2013,99.221,100.145,99.13,100.004,0
11/13/2013,99.62701,99.666,99.10101,99.229,0
11/12/2013,99.145,99.794,99.1,99.625,0
11/11/2013,99.212,99.293,98.918,99.143,0
11/08/2013,98.09,99.216,97.97601,99.11,0
11/07/2013,98.65,99.404,97.626,98.078,0
11/06/2013,98.487,98.751,98.404,98.65,0
11/05/2013,98.592,98.67101,98.163,98.487,0
11/04/2013,98.75,98.84,98.531,98.596,0
11/01/2013,98.34,98.846,97.805,98.635,0
10/31/2013,98.491,98.565,98.085,98.348,0
10/30/2013,98.179,98.67001,98.053,98.50201,0
10/29/2013,97.652,98.272,97.458,98.173,0
10/28/2013,97.73,97.784,97.441,97.65301,0
10/25/2013,97.272,97.486,96.939,97.393,0
10/24/2013,97.375,97.611,97.169,97.274,0
10/23/2013,98.126,98.19,97.155,97.368,0
10/22/2013,98.18301,98.479,97.871,98.123,0
10/21/2013,97.691,98.236,97.691,98.177,0
10/18/2013,97.9,98.151,97.553,97.73,0
10/17/2013,98.758,99.001,97.735,97.901,0
10/16/2013,98.104,98.965,98.104,98.757,0
10/15/2013,98.551,98.69601,97.997,98.146,0
10/14/2013,98.185,98.579,98.09,98.544,0
10/11/2013,98.151,98.58801,97.916,98.561,0
10/10/2013,97.329,98.266,97.319,98.15,0
10/09/2013,96.863,97.639,96.818,97.331,0
10/08/2013,96.69,97.245,96.567,96.862,0
10/07/2013,97.17001,97.323,96.665,96.69601,0
10/04/2013,97.24001,97.47601,96.949,97.46,0
10/03/2013,97.348,97.868,96.931,97.25,0
10/02/2013,97.986,98.08,97.145,97.346,0
10/01/2013,98.208,98.719,97.655,97.986,0
09/30/2013,97.84,98.456,97.495,98.206,0
09/27/2013,98.96301,99.034,98.093,98.23,0
09/26/2013,98.424,99.13,98.267,98.973,0
09/25/2013,98.735,98.80901,98.379,98.427,0
09/24/2013,98.825,99.169,98.473,98.732,0
09/23/2013,99.17001,99.354,98.647,98.825,0
09/20/2013,99.448,99.665,99.17001,99.313,0
09/19/2013,97.925,99.608,97.871,99.44601,0
09/18/2013,99.125,99.33,97.766,97.918,0
09/17/2013,99.06,99.37801,99.001,99.107,0
09/16/2013,99.22,99.269,98.466,99.048,0
09/13/2013,99.529,99.973,99.191,99.367,0
09/12/2013,99.88,99.983,99.01,99.53201,0
09/11/2013,100.367,100.603,99.792,99.874,0
09/10/2013,99.568,100.458,99.473,100.364,0
09/09/2013,99.624,100.101,99.33401,99.563,0
09/06/2013,100.1,100.219,98.542,99.1,0
09/05/2013,99.74001,100.19,99.567,100.099,0
09/04/2013,99.556,99.81,99.32101,99.741,0
09/03/2013,99.323,99.856,99.168,99.556,0
09/02/2013,98.414,99.428,98.273,99.322,0
08/30/2013,98.337,98.472,97.886,98.091,0
08/29/2013,97.63,98.511,97.447,98.336,0
08/28/2013,97.017,97.835,96.813,97.63,0
08/27/2013,98.51,98.527,96.985,97.018,0
08/26/2013,98.423,98.839,98.268,98.493,0
08/23/2013,98.71301,99.143,98.388,98.71,0
08/22/2013,97.687,98.803,97.581,98.7,0
08/21/2013,97.254,97.978,97.121,97.674,0
08/20/2013,97.54601,97.857,96.91,97.255,0
08/19/2013,97.557,98.12,97.356,97.552,0
08/16/2013,97.35101,97.769,97.04501,97.51,0
08/15/2013,98.123,98.64001,97.065,97.353,0
08/14/2013,98.195,98.422,97.863,98.124,0
08/13/2013,96.892,98.339,96.85201,98.191,0
08/12/2013,96.1,96.931,95.925,96.893,0
08/09/2013,96.698,96.961,96.123,96.163,0
08/08/2013,96.316,96.93,95.803,96.69601,0
08/07/2013,97.72,97.805,96.319,96.323,0
08/06/2013,98.276,98.579,97.523,97.72601,0
08/05/2013,98.87,99.145,98.189,98.281,0
08/02/2013,99.53,99.938,98.658,98.895,0
08/01/2013,97.86401,99.567,97.65301,99.526,0
07/31/2013,98.019,98.519,97.582,97.862,0
07/30/2013,97.943,98.457,97.756,98.019,0
07/29/2013,98.02,98.325,97.63,97.944,0
07/26/2013,99.27801,99.397,97.958,98.263,0
07/25/2013,100.253,100.45,98.886,99.279,0
07/24/2013,99.402,100.43,99.381,100.247,0
07/23/2013,99.66,100.177,99.144,99.40301,0
07/22/2013,100.27,100.614,99.287,99.65,0
07/19/2013,100.422,100.859,99.80901,100.56,0
07/18/2013,99.578,100.651,99.46,100.412,0
07/17/2013,99.087,99.939,99.04,99.575,0
07/16/2013,99.85,100.061,98.896,99.089,0
07/15/2013,99.307,100.477,99.068,99.853,0
07/12/2013,98.951,99.688,98.672,99.234,0
07/11/2013,99.679,99.876,98.244,98.94601,0
07/10/2013,101.136,101.21,99.391,99.638,0
07/09/2013,100.95,101.294,100.765,101.141,0
07/08/2013,101.214,101.526,100.785,100.956,0
07/05/2013,100.021,101.219,99.888,101.17,0
07/04/2013,99.87701,100.154,99.488,100.016,0
07/03/2013,100.627,100.85,99.259,99.887,0
07/02/2013,99.646,100.723,99.506,100.616,0
07/01/2013,99.27,99.85201,99.177,99.647,0
06/28/2013,98.343,99.445,98.332,99.14001,0
06/27/2013,97.734,98.565,97.561,98.335,0
06/26/2013,97.857,98.23,97.236,97.733,0
06/25/2013,97.716,98.051,96.95901,97.802,0
06/24/2013,97.84,98.695,97.217,97.724,0
06/21/2013,97.27,98.129,96.858,97.887,0
06/20/2013,96.414,98.281,96.201,97.26501,0
06/19/2013,95.307,97.022,94.832,96.43301,0
06/18/2013,94.49001,95.758,94.43,95.313,0
06/17/2013,94.229,95.212,94.099,94.483,0
06/14/2013,95.368,95.797,93.981,94.187,0
06/13/2013,96.009,96.078,93.78201,95.361,0
06/12/2013,96.098,97.012,95.133,96.006,0
06/11/2013,98.75,99.039,95.599,96.011,0
06/10/2013,97.77,99.276,97.71,98.75301,0
06/07/2013,96.966,97.78201,94.984,97.547,0
06/06/2013,99.038,99.461,95.901,96.96301,0
06/05/2013,100.019,100.456,98.964,99.054,0
06/04/2013,99.52801,100.411,99.331,100.02,0
06/03/2013,100.57,100.716,98.86501,99.522,0
05/31/2013,100.72,101.276,100.222,100.439,0
05/30/2013,101.137,101.798,100.469,100.714,0
05/29/2013,102.352,102.519,100.715,101.143,0
05/28/2013,100.93,102.497,100.926,102.354,0
05/27/2013,101.24,101.293,100.741,100.919,0
05/24/2013,102.002,102.582,100.667,101.279,0
05/23/2013,103.155,103.564,100.83,102.014,0
05/22/2013,102.468,103.732,102.351,103.142,0
05/21/2013,102.26,102.881,102.072,102.466,0
05/20/2013,103.02,103.023,102.092,102.255,0
05/17/2013,102.25,103.302,102.077,103.248,0
05/16/2013,102.221,102.677,101.834,102.249,0
05/15/2013,102.381,102.758,101.861,102.231,0
05/14/2013,101.82,102.422,101.262,102.387,0
05/13/2013,101.81,102.147,101.516,101.814,0
05/10/2013,100.579,101.979,100.533,101.588,0
05/09/2013,98.98901,100.786,98.642,100.582,0
05/08/2013,98.983,99.145,98.58401,98.998,0
05/07/2013,99.315,99.428,98.827,98.988,0
05/06/2013,99.1,99.448,99.049,99.313,0
05/03/2013,97.923,99.258,97.883,98.987,0
05/02/2013,97.37,98.386,97.083,97.92001,0
05/01/2013,97.426,97.67001,97.027,97.375,0
04/30/2013,97.76,98.118,97.008,97.424,0
04/29/2013,97.94,98.195,97.347,97.742,0
04/26/2013,99.23901,99.408,97.557,97.995,0
04/25/2013,99.5,99.55801,98.987,99.241,0
04/24/2013,99.448,99.755,99.189,99.499,0
04/23/2013,99.22,99.525,98.484,99.447,0
04/22/2013,99.8,99.879,98.988,99.228,0
04/19/2013,98.15301,99.68,98.104,99.498,0
04/18/2013,98.10201,98.521,97.634,98.155,0
04/17/2013,97.536,98.424,97.212,98.106,0
04/16/2013,96.728,98.151,95.872,97.518,0
04/15/2013,98.28,98.707,96.363,96.767,0
04/12/2013,99.65701,99.793,98.106,98.357,0
04/11/2013,99.757,99.942,99.113,99.663,0
04/10/2013,99.012,99.868,98.90701,99.759,0
04/09/2013,99.341,99.65701,98.60101,99.013,0
04/08/2013,98.03,99.37701,98.011,99.35,0
04/05/2013,96.34,97.823,95.764,97.518,0
04/04/2013,93.03,96.40301,92.72701,96.328,0
04/03/2013,93.43,93.68401,92.70901,93.031,0
04/02/2013,93.224,93.553,92.565,93.424,0
04/01/2013,94.24001,94.367,93.166,93.223,0
03/29/2013,94.13,94.292,93.951,94.15301,0
03/28/2013,94.448,94.474,93.874,94.131,0
03/27/2013,94.432,94.90301,94.038,94.441,0
03/26/2013,94.16,94.605,93.863,94.43301,0
03/25/2013,94.46,94.95901,93.543,94.156,0
03/22/2013,94.88,95.126,94.199,94.429,0
03/21/2013,96,96.099,94.566,94.897,0
03/20/2013,95.16,96.12701,94.824,96.004,0
03/19/2013,95.203,95.745,94.72701,95.151,0
03/18/2013,94.48,95.595,94.078,95.198,0
03/15/2013,96.112,96.269,95.079,95.256,0
03/14/2013,96.113,96.58401,95.68301,96.103,0
03/13/2013,96.07101,96.249,95.445,96.108,0
03/12/2013,96.276,96.705,95.641,96.073,0
03/11/2013,95.94,96.356,95.919,96.272,0
03/08/2013,94.806,96.541,94.78,95.997,0
03/07/2013,94.05901,95.083,93.791,94.813,0
03/06/2013,93.286,94.106,93.00201,94.055,0
03/05/2013,93.468,93.53,92.914,93.28,0
03/04/2013,93.62,93.719,93.169,93.474,0
03/01/2013,92.54,93.679,92.44,93.577,0
02/28/2013,92.222,92.846,92.007,92.547,0
02/27/2013,91.967,92.43,91.136,92.225,0
02/26/2013,91.79601,92.73901,91.15701,91.964,0
02/25/2013,94.66,94.708,90.898,91.799,0
02/22/2013,93.11401,93.506,92.923,93.40301,0
02/21/2013,93.55,93.857,92.772,93.097,0
02/20/2013,93.55901,94.03,93.135,93.549,0
02/19/2013,93.937,93.953,93.289,93.56,0
02/18/2013,93.65,94.206,93.624,93.948,0
02/15/2013,92.86,93.835,92.223,93.497,0
02/14/2013,93.386,93.708,92.672,92.857,0
02/13/2013,93.47,93.773,92.819,93.381,0
02/12/2013,94.29501,94.401,92.961,93.46,0
02/11/2013,92.73,94.451,92.358,94.297,0
02/08/2013,93.62,93.729,92.172,92.689,0
02/07/2013,93.61,93.91,93.08401,93.62,0
02/06/2013,93.635,94.049,93.275,93.622,0
02/05/2013,92.36501,93.646,91.975,93.62801,0
02/04/2013,92.76,93.173,92.201,92.368,0
02/01/2013,91.69601,92.957,91.606,92.703,0
01/31/2013,91.076,91.756,90.743,91.7,0
01/30/2013,90.71,91.398,90.655,91.083,0
01/29/2013,90.845,91.012,90.324,90.704,0
01/28/2013,90.9,91.246,90.56,90.839,0
01/25/2013,90.30801,91.188,90.286,90.863,0
01/24/2013,88.6,90.527,88.415,90.32,0
01/23/2013,88.7,88.788,88.056,88.60201,0
01/22/2013,89.57,90.069,88.367,88.69601,0
01/21/2013,90.12,90.242,89.335,89.59,0
01/18/2013,89.863,90.182,89.631,90.093,0
01/17/2013,88.381,90.119,88.126,89.85201,0
01/16/2013,88.77,88.863,87.794,88.369,0
01/15/2013,89.47,89.62701,88.291,88.78201,0
01/14/2013,89.26,89.662,89.079,89.465,0
01/11/2013,88.772,89.439,88.678,89.186,0
01/10/2013,87.86,88.779,87.855,88.772,0
01/09/2013,87.02,88.009,86.825,87.868,0
01/08/2013,87.787,87.811,86.896,87.041,0
01/07/2013,88.12,88.366,87.622,87.783,0
01/04/2013,87.23,88.397,87.223,88.146,0
01/03/2013,87.329,87.346,86.763,87.228,0
01/02/2013,86.69,87.341,86.529,87.33401,0
01/01/2013,86.73,86.763,86.564,86.678,0
