Date,Open,High,Low,Close,Volume
12/30/2011,77.62801,77.73,76.854,76.854,0
12/29/2011,77.928,77.97,77.594,77.623,0
12/28/2011,77.86,78.03,77.554,77.931,0
12/27/2011,77.96,78.014,77.788,77.86401,0
12/26/2011,78.04,78.089,77.872,77.96,0
12/23/2011,78.16,78.216,77.995,78.069,0
12/22/2011,78.04,78.19601,77.993,78.158,0
12/21/2011,77.88,78.1,77.687,78.04601,0
12/20/2011,78.035,78.049,77.704,77.87801,0
12/19/2011,77.74001,78.155,77.719,78.034,0
12/16/2011,77.84,77.955,77.336,77.336,0
12/15/2011,78.05901,78.13,77.728,77.842,0
12/14/2011,77.988,78.147,77.913,78.063,0
12/13/2011,77.904,78.007,77.652,77.981,0
12/12/2011,77.65,77.99001,77.551,77.904,0
12/09/2011,77.62801,77.771,77.484,77.606,0
12/08/2011,77.663,77.786,77.13,77.624,0
12/07/2011,77.716,77.78,77.62,77.665,0
12/06/2011,77.814,77.848,77.635,77.72,0
12/05/2011,77.95,78.098,77.68401,77.807,0
12/02/2011,77.68,78.069,77.68,77.954,0
12/01/2011,77.61,77.803,77.48,77.686,0
11/30/2011,77.914,78.147,77.287,77.608,0
11/29/2011,77.97701,78.277,77.621,77.915,0
11/28/2011,77.5,78.229,77.452,77.972,0
11/25/2011,77.1,77.783,77.093,77.694,0
11/24/2011,77.294,77.323,77.006,77.103,0
11/23/2011,76.97,77.57101,76.92101,77.294,0
11/22/2011,76.876,77.317,76.831,76.96,0
11/21/2011,76.8,76.985,76.754,76.874,0
11/18/2011,76.971,77.022,76.564,76.866,0
11/17/2011,77.05,77.08401,76.904,76.968,0
11/16/2011,77.02,77.14001,76.85,77.043,0
11/15/2011,77.066,77.471,76.90301,77.016,0
11/14/2011,77.17001,77.262,76.807,77.057,0
11/11/2011,77.63,77.675,77.043,77.166,0
11/10/2011,77.802,77.862,77.505,77.635,0
11/09/2011,77.72,77.876,77.534,77.804,0
11/08/2011,78.05,78.08801,77.603,77.717,0
11/07/2011,78.2,78.201,77.982,78.039,0
11/04/2011,78.02,78.259,77.98,78.192,0
11/03/2011,78.04,78.154,77.889,78.04601,0
11/02/2011,78.366,78.402,77.945,78.036,0
11/01/2011,78.30801,78.958,78.008,78.366,0
10/31/2011,75.6,79.517,75.573,78.155,0
10/28/2011,75.93401,75.99001,75.665,75.784,0
10/27/2011,76.16,76.277,75.655,75.937,0
10/26/2011,76.09,76.30901,75.717,76.15301,0
10/25/2011,76.083,76.285,75.73901,76.083,0
10/24/2011,76.24001,76.474,75.98901,76.087,0
10/21/2011,76.78,76.904,75.83401,76.246,0
10/20/2011,76.794,77.08,76.673,76.781,0
10/19/2011,76.81,76.849,76.652,76.79601,0
10/18/2011,76.816,76.9,76.621,76.807,0
10/17/2011,77.03,77.43301,76.61,76.817,0
10/14/2011,76.89001,77.442,76.822,77.19601,0
10/13/2011,77.25301,77.281,76.674,76.886,0
10/12/2011,76.634,77.479,76.312,77.246,0
10/11/2011,76.66,76.748,76.596,76.637,0
10/10/2011,76.73,76.841,76.564,76.666,0
10/07/2011,76.707,76.901,76.58,76.714,0
10/06/2011,76.78,76.827,76.561,76.706,0
10/05/2011,76.797,77.062,76.61401,76.77801,0
10/04/2011,76.6,76.969,76.521,76.794,0
10/03/2011,77.02,77.243,76.52,76.605,0
09/30/2011,76.822,77.185,76.495,77.019,0
09/29/2011,76.598,77.016,76.404,76.823,0
09/28/2011,76.799,76.862,76.325,76.597,0
09/27/2011,76.34,76.923,76.255,76.799,0
09/26/2011,76.46,76.751,76.23,76.346,0
09/23/2011,76.22,76.876,76.144,76.59,0
09/22/2011,76.44,76.957,76.103,76.223,0
09/21/2011,76.44,76.725,76.119,76.43401,0
09/20/2011,76.577,76.749,76.35201,76.439,0
09/19/2011,76.92001,76.971,76.322,76.572,0
09/16/2011,76.68,76.96301,76.659,76.767,0
09/15/2011,76.611,77.144,76.55,76.68401,0
09/14/2011,76.93401,77.04501,76.593,76.616,0
09/13/2011,77.2,77.244,76.8,76.929,0
09/12/2011,77.35,77.577,76.745,77.198,0
09/09/2011,77.495,77.844,77.106,77.586,0
09/08/2011,77.232,77.58801,77.136,77.492,0
09/07/2011,77.64001,77.703,77.065,77.231,0
09/06/2011,76.87,77.71301,76.714,77.644,0
09/05/2011,76.84,76.966,76.68301,76.873,0
09/02/2011,76.92001,76.962,76.541,76.734,0
09/01/2011,76.64001,77.214,76.565,76.912,0
08/31/2011,76.72,76.828,76.423,76.645,0
08/30/2011,76.82,76.973,76.622,76.725,0
08/29/2011,76.75,77.005,76.565,76.824,0
08/26/2011,77.44,77.507,76.43401,76.43401,0
08/25/2011,76.95,77.687,76.835,77.452,0
08/24/2011,76.641,77.06,76.466,76.964,0
08/23/2011,76.78,76.926,76.464,76.634,0
08/22/2011,76.6,77.188,76.552,76.779,0
08/19/2011,76.568,76.93401,75.98,76.526,0
08/18/2011,76.59,76.699,76.444,76.564,0
08/17/2011,76.784,76.824,76.405,76.592,0
08/16/2011,76.822,76.918,76.647,76.785,0
08/15/2011,76.81,77.085,76.589,76.823,0
08/12/2011,76.82,77.012,76.504,76.69601,0
08/11/2011,76.85101,77.20901,76.307,76.824,0
08/10/2011,76.949,77.29501,76.35,76.845,0
08/09/2011,77.757,77.844,76.699,76.947,0
08/08/2011,77.91,78.45,77.493,77.757,0
08/05/2011,78.87701,79.35,78.327,78.424,0
08/04/2011,77.02,80.228,76.973,78.856,0
08/03/2011,77.138,77.388,76.77801,77.047,0
08/02/2011,77.2,77.767,76.96,77.137,0
08/01/2011,77.18,78.017,76.301,77.195,0
07/29/2011,77.672,77.854,76.729,76.78201,0
07/28/2011,77.96,78.016,77.624,77.67101,0
07/27/2011,77.914,78.067,77.564,77.964,0
07/26/2011,78.27801,78.453,77.824,77.869,0
07/25/2011,78.14001,78.541,78.044,78.275,0
07/22/2011,78.293,78.717,78.216,78.524,0
07/21/2011,78.764,79.005,78.276,78.289,0
07/20/2011,79.17001,79.307,78.705,78.76501,0
07/19/2011,79.02,79.26501,78.812,79.163,0
07/18/2011,79.05801,79.172,78.941,79.024,0
07/15/2011,79.13,79.264,78.896,79.116,0
07/14/2011,78.95901,79.591,78.46301,79.125,0
07/13/2011,79.22701,79.563,78.519,78.97601,0
07/12/2011,80.24001,80.36501,79.182,79.22601,0
07/11/2011,80.6,80.818,80.099,80.247,0
07/08/2011,81.23,81.464,80.499,80.564,0
07/07/2011,80.9,81.404,80.786,81.229,0
07/06/2011,81.05,81.11401,80.769,80.90301,0
07/05/2011,80.78,81.178,80.71301,81.051,0
07/04/2011,80.86,80.89001,80.539,80.779,0
07/01/2011,80.55,81.131,80.487,80.806,0
06/30/2011,80.77,80.854,80.256,80.54501,0
06/29/2011,81.09,81.175,80.58,80.764,0
06/28/2011,80.88,81.256,80.654,81.11,0
06/27/2011,80.31,80.967,80.288,80.876,0
06/24/2011,80.498,80.594,80.13,80.47601,0
06/23/2011,80.27,80.78,80.27,80.508,0
06/22/2011,80.197,80.371,80.005,80.279,0
06/21/2011,80.24001,80.332,80.043,80.193,0
06/20/2011,80.12,80.356,80.018,80.241,0
06/17/2011,80.63,80.665,80.001,80.026,0
06/16/2011,80.93401,81.038,80.47601,80.63,0
06/15/2011,80.48,81.043,80.372,80.944,0
06/14/2011,80.23,80.609,80.082,80.47601,0
06/13/2011,80.25,80.678,80.108,80.229,0
06/10/2011,80.35101,80.449,79.965,80.306,0
06/09/2011,79.87,80.409,79.829,80.35201,0
06/08/2011,80.079,80.263,79.693,79.876,0
06/07/2011,80.09,80.32101,79.981,80.083,0
06/06/2011,80.25,80.383,79.98,80.092,0
06/03/2011,80.881,80.999,80.05,80.266,0
06/02/2011,80.937,81.30901,80.576,80.882,0
06/01/2011,81.51,81.548,80.68401,80.93401,0
05/31/2011,80.92001,81.755,80.704,81.512,0
05/30/2011,80.855,80.96301,80.716,80.924,0
05/27/2011,81.27,81.39001,80.702,80.786,0
05/26/2011,81.95,82.07,81.159,81.276,0
05/25/2011,81.94,82.16,81.792,81.954,0
05/24/2011,81.99001,82.199,81.611,81.943,0
05/23/2011,81.722,82.03,81.316,81.995,0
05/20/2011,81.60101,81.85101,81.47701,81.686,0
05/19/2011,81.664,82.21301,81.46301,81.596,0
05/18/2011,81.4,81.70901,80.932,81.663,0
05/17/2011,80.774,81.756,80.72701,81.402,0
05/16/2011,80.77801,81.053,80.633,80.777,0
05/13/2011,80.931,81.074,80.349,80.766,0
05/12/2011,81.03201,81.326,80.702,80.926,0
05/11/2011,80.86,81.313,80.611,81.035,0
05/10/2011,80.354,80.896,80.151,80.866,0
05/09/2011,80.55,80.831,80.172,80.342,0
05/06/2011,80.065,80.906,80.055,80.61401,0
05/05/2011,80.61,80.685,79.566,80.055,0
05/04/2011,80.93,81.182,80.429,80.607,0
05/03/2011,81.208,81.261,80.691,80.918,0
05/02/2011,81.15,81.681,80.991,81.214,0
04/29/2011,81.523,81.641,81.03201,81.186,0
04/28/2011,82.139,82.268,81.393,81.521,0
04/27/2011,81.54,82.748,81.26501,82.14001,0
04/26/2011,81.82,81.965,81.481,81.542,0
04/25/2011,81.923,82.339,81.66,81.819,0
04/21/2011,82.54,82.581,81.618,81.836,0
04/20/2011,82.57,83.082,82.256,82.544,0
04/19/2011,82.64001,82.733,82.313,82.574,0
04/18/2011,83.1,83.251,82.18401,82.645,0
04/15/2011,83.486,83.773,82.955,83.106,0
04/14/2011,83.832,83.92001,82.955,83.485,0
04/13/2011,83.57,84.254,83.493,83.822,0
04/12/2011,84.58801,84.775,83.464,83.567,0
04/11/2011,84.96,85.146,84.50201,84.583,0
04/08/2011,84.899,85.384,84.668,84.732,0
04/07/2011,85.49001,85.491,84.592,84.899,0
04/06/2011,84.854,85.51501,84.837,85.47701,0
04/05/2011,84.04,84.86401,84.024,84.85101,0
04/04/2011,84.18,84.368,83.846,84.04501,0
04/01/2011,83.12,84.695,83.117,84.04601,0
03/31/2011,82.872,83.211,82.56,83.116,0
03/30/2011,82.462,83.176,82.361,82.875,0
03/29/2011,81.681,82.465,81.535,82.457,0
03/28/2011,81.38,81.83801,81.305,81.676,0
03/25/2011,80.969,81.483,80.875,81.326,0
03/24/2011,80.901,81.04601,80.764,80.964,0
03/23/2011,80.949,81.061,80.693,80.901,0
03/22/2011,81.026,81.276,80.841,80.956,0
03/21/2011,80.75,81.307,80.72,81.016,0
03/18/2011,78.881,81.968,78.822,80.576,0
03/17/2011,79.576,79.717,76.553,78.884,0
03/16/2011,80.71,81.162,79.567,79.578,0
03/15/2011,81.62,82.012,80.605,80.706,0
03/14/2011,81.886,82.429,80.642,81.617,0
03/11/2011,82.966,83.286,81.655,81.876,0
03/10/2011,82.729,83.16,82.69,82.964,0
03/09/2011,82.651,82.925,82.567,82.725,0
03/08/2011,82.22,82.841,82.202,82.655,0
03/07/2011,82.3,82.37801,81.944,82.22701,0
03/04/2011,82.43301,82.99001,82.207,82.306,0
03/03/2011,81.863,82.5,81.71301,82.432,0
03/02/2011,81.84,82.10201,81.574,81.853,0
03/01/2011,81.768,82.224,81.722,81.843,0
02/28/2011,81.73,81.97,81.61401,81.769,0
02/25/2011,81.874,82.049,81.633,81.652,0
02/24/2011,82.5,82.506,81.617,81.876,0
02/23/2011,82.758,82.88,82.31,82.496,0
02/22/2011,83.134,83.517,82.576,82.757,0
02/21/2011,83.06,83.25201,83.02801,83.131,0
02/18/2011,83.3,83.509,83.024,83.094,0
02/17/2011,83.667,83.719,83.154,83.29501,0
02/16/2011,83.764,83.95901,83.492,83.664,0
02/15/2011,83.318,83.901,83.186,83.76,0
02/14/2011,83.45,83.513,83.092,83.314,0
02/11/2011,83.218,83.6,83.205,83.436,0
02/10/2011,82.347,83.355,82.327,83.21301,0
02/09/2011,82.358,82.652,82.197,82.345,0
02/08/2011,82.312,82.411,81.766,82.359,0
02/07/2011,82.23,82.452,82.15301,82.316,0
02/04/2011,81.612,82.449,81.24001,82.186,0
02/03/2011,81.538,82.049,81.396,81.611,0
02/02/2011,81.34,81.846,81.336,81.543,0
02/01/2011,82.03201,82.139,81.305,81.342,0
01/31/2011,82.01,82.244,81.906,82.029,0
01/28/2011,82.91,82.916,81.987,82.116,0
01/27/2011,82.16,83.19601,82.014,82.905,0
01/26/2011,82.233,82.591,81.979,82.16,0
01/25/2011,82.516,82.654,81.974,82.23901,0
01/24/2011,82.66,82.90701,82.298,82.51501,0
01/21/2011,82.986,83.077,82.526,82.566,0
01/20/2011,82,83.113,81.993,82.986,0
01/19/2011,82.54,82.678,81.843,82.006,0
01/18/2011,82.67001,82.805,82.327,82.544,0
01/17/2011,82.8,82.996,82.348,82.665,0
01/14/2011,82.804,83.054,82.40301,82.986,0
01/13/2011,82.98,83.14001,82.556,82.8,0
01/12/2011,83.229,83.449,82.811,82.986,0
01/11/2011,82.698,83.481,82.677,83.231,0
01/10/2011,83.21,83.27,82.667,82.695,0
01/07/2011,83.323,83.665,82.848,83.034,0
01/06/2011,83.23,83.385,82.874,83.325,0
01/05/2011,82.022,83.366,81.875,83.237,0
01/04/2011,81.725,82.269,81.60101,82.029,0
01/03/2011,81.33,81.734,80.951,81.722,0
