Date,Open,High,Low,Close,Volume
12/31/2010,81.5,81.53,80.939,81.117,0
12/30/2010,81.606,81.841,81.284,81.51,0
12/29/2010,82.374,82.445,81.597,81.599,0
12/28/2010,82.78,82.836,81.806,82.373,0
12/27/2010,82.82,82.965,82.644,82.792,0
12/24/2010,82.902,83.15,82.855,82.862,0
12/23/2010,83.55,83.567,82.854,82.904,0
12/22/2010,83.729,83.844,83.416,83.55801,0
12/21/2010,83.76,83.896,83.493,83.73,0
12/20/2010,84,84.107,83.625,83.757,0
12/17/2010,83.896,84.194,83.68401,83.86401,0
12/16/2010,84.224,84.435,83.895,83.899,0
12/15/2010,83.66,84.494,83.594,84.225,0
12/14/2010,83.374,83.762,82.839,83.645,0
12/13/2010,83.91,84.337,83.103,83.37701,0
12/10/2010,83.728,84.00201,83.44601,83.936,0
12/09/2010,84.008,84.106,83.509,83.731,0
12/08/2010,83.483,84.292,83.455,84.021,0
12/07/2010,82.66,83.649,82.331,83.48,0
12/06/2010,82.728,82.978,82.563,82.647,0
12/03/2010,83.803,83.883,82.519,82.706,0
12/02/2010,84.17001,84.354,83.485,83.814,0
12/01/2010,83.676,84.379,83.374,84.19,0
11/30/2010,84.25,84.302,83.417,83.68,0
11/29/2010,84.08,84.397,83.814,84.25,0
11/26/2010,83.58,84.18,83.577,84.09,0
11/25/2010,83.53,83.691,83.41,83.6,0
11/24/2010,83.174,83.656,82.95,83.54,0
11/23/2010,83.348,83.843,82.799,83.16,0
11/22/2010,83.45,83.561,83.23901,83.331,0
11/19/2010,83.52,83.641,83.145,83.48,0
11/18/2010,83.258,83.78,83.11,83.52,0
11/17/2010,83.28,83.547,83.04,83.244,0
11/16/2010,83.07,83.587,82.857,83.304,0
11/15/2010,82.45,83.255,82.4,83.086,0
11/12/2010,82.47601,82.651,81.66,82.44,0
11/11/2010,82.269,82.60201,82.047,82.49001,0
11/10/2010,81.677,82.793,81.56,82.27,0
11/09/2010,81.2,81.961,80.54,81.69,0
11/08/2010,81.25,81.43401,81.01,81.193,0
11/05/2010,80.76,81.475,80.62,81.26,0
11/04/2010,81.073,81.217,80.591,80.74001,0
11/03/2010,80.62,81.582,80.604,81.094,0
11/02/2010,80.48,80.96,80.472,80.63,0
11/01/2010,80.37,81.43301,80.25,80.505,0
10/29/2010,81.05,81.07,80.4,80.44,0
10/28/2010,81.737,81.78,80.875,81.02,0
10/27/2010,81.44,81.984,81.32,81.758,0
10/26/2010,80.831,81.649,80.62,81.437,0
10/25/2010,81.27,81.45,80.42001,80.818,0
10/22/2010,81.32,81.5,81.00201,81.36,0
10/21/2010,81.11,81.826,80.926,81.332,0
10/20/2010,81.56,81.67001,80.85201,81.085,0
10/19/2010,81.283,81.92001,81.146,81.58401,0
10/18/2010,81.42101,81.479,81.137,81.277,0
10/15/2010,81.487,81.62,80.893,81.43,0
10/14/2010,81.78,81.84,80.896,81.487,0
10/13/2010,81.72,82.001,81.68,81.8,0
10/12/2010,82.067,82.354,81.67001,81.72,0
10/11/2010,82,82.179,81.394,82.066,0
10/08/2010,82.42001,82.56,81.736,82.07,0
10/07/2010,82.94,83.029,82.12,82.402,0
10/06/2010,83.24001,83.27,82.769,82.93,0
10/05/2010,83.34,83.82101,82.968,83.219,0
10/04/2010,83.27,83.868,83.19,83.35,0
10/01/2010,83.53,83.575,83.16,83.3,0
09/30/2010,83.71,83.811,83.175,83.52,0
09/29/2010,83.889,84.083,83.509,83.7,0
09/28/2010,84.23,84.34,83.695,83.871,0
09/27/2010,84.24001,84.39001,84.12,84.225,0
09/24/2010,84.4,85.388,84.12,84.26,0
09/23/2010,84.52,84.67001,84.269,84.39001,0
09/22/2010,85.106,85.18,84.28,84.498,0
09/21/2010,85.712,85.767,84.984,85.091,0
09/20/2010,85.75,85.8,85.514,85.698,0
09/17/2010,85.77,85.925,85.604,85.82,0
09/16/2010,85.734,85.925,85.23,85.773,0
09/15/2010,83.048,85.77,82.88,85.74001,0
09/14/2010,83.72,83.751,82.932,83.04,0
09/13/2010,84.34,84.36,83.51,83.705,0
09/10/2010,83.791,84.38,83.756,84.18,0
09/09/2010,83.86,84.021,83.499,83.78,0
09/08/2010,83.85,84.038,83.349,83.88,0
09/07/2010,84.23,84.256,83.52,83.843,0
09/06/2010,84.38,84.49001,84.052,84.21,0
09/03/2010,84.3,85.219,84.174,84.41,0
09/02/2010,84.43,84.55,84.005,84.284,0
09/01/2010,84.207,84.662,83.672,84.44,0
08/31/2010,84.63,84.692,83.919,84.19,0
08/30/2010,85.41,85.9,84.514,84.62,0
08/27/2010,84.467,85.451,84.28,85.33,0
08/26/2010,84.555,84.88,84.33401,84.456,0
08/25/2010,83.928,84.83,83.90301,84.57,0
08/24/2010,85.17001,85.191,83.596,83.92001,0
08/23/2010,85.6,85.7,85.1,85.156,0
08/20/2010,85.41,85.817,85.2,85.64001,0
08/19/2010,85.465,85.913,84.9,85.395,0
08/18/2010,85.51,85.68,85.2,85.458,0
08/17/2010,85.357,85.677,85.12,85.52,0
08/16/2010,86.28,86.28,85.22,85.34,0
08/13/2010,85.89001,86.369,85.575,86.21,0
08/12/2010,85.33,85.98,84.938,85.896,0
08/11/2010,85.45,85.46301,84.82,85.32,0
08/10/2010,85.926,86.234,85.2,85.448,0
08/09/2010,85.53,85.95,85.3,85.937,0
08/06/2010,85.836,86.18,85.03,85.51,0
08/05/2010,86.25301,86.45,85.716,85.833,0
08/04/2010,85.81,86.38,85.33,86.268,0
08/03/2010,86.48,86.652,85.68,85.781,0
08/02/2010,86.42001,86.88,86.328,86.497,0
07/30/2010,86.804,86.97601,85.952,86.44,0
07/29/2010,87.48,87.511,86.578,86.793,0
07/28/2010,87.88,88.11401,87.26501,87.462,0
07/27/2010,86.897,87.971,86.836,87.9,0
07/26/2010,87.44,87.71301,86.83,86.885,0
07/23/2010,86.961,87.5,86.743,87.45,0
07/22/2010,87.06,87.21,86.348,86.948,0
07/21/2010,87.49001,87.505,86.87701,87.04,0
07/20/2010,86.68,87.57,86.678,87.50201,0
07/19/2010,86.57,87.215,86.46,86.7,0
07/16/2010,87.404,87.508,86.276,86.6,0
07/15/2010,88.42001,88.497,87.24001,87.39001,0
07/14/2010,88.723,89.107,88.083,88.384,0
07/13/2010,88.629,88.862,88.035,88.729,0
07/12/2010,88.57,89.15,88.396,88.61,0
07/09/2010,88.34,88.7,88.331,88.63,0
07/08/2010,87.69,88.639,87.664,88.343,0
07/07/2010,87.533,87.773,87.029,87.7,0
07/06/2010,87.79,87.98,87.358,87.52,0
07/05/2010,87.73,88.00201,87.641,87.769,0
07/02/2010,87.626,88.208,87.336,87.83,0
07/01/2010,88.46,88.555,86.97601,87.61,0
06/30/2010,88.6,88.762,88.37,88.437,0
06/29/2010,89.358,89.41,88.292,88.593,0
06/28/2010,89.26,89.46,89.069,89.375,0
06/25/2010,89.6,89.77,89.228,89.24001,0
06/24/2010,89.84,89.975,89.233,89.6,0
06/23/2010,90.58,90.583,89.737,89.818,0
06/22/2010,91.09,91.1,90.34,90.58,0
06/21/2010,90.68,91.473,90.28,91.119,0
06/18/2010,91.02,91.08,90.453,90.71,0
06/17/2010,91.447,91.447,90.52,91,0
06/16/2010,91.469,91.82101,91.1,91.44,0
06/15/2010,91.6,91.69,91.087,91.448,0
06/14/2010,91.62,92.11,91.426,91.58,0
06/11/2010,91.3,91.775,91.225,91.63,0
06/10/2010,91.34,91.47,90.86,91.33,0
06/09/2010,91.44,91.67001,91.062,91.292,0
06/08/2010,91.38,91.922,90.87,91.46,0
06/07/2010,91.84,92.08,90.987,91.36,0
06/04/2010,92.69,92.88,91.424,91.89001,0
06/03/2010,92.109,92.8,92.049,92.71301,0
06/02/2010,90.96,92.35101,90.9,92.13,0
06/01/2010,91.247,91.455,90.54,90.958,0
05/31/2010,91.04,91.612,90.85,91.262,0
05/28/2010,91.03,91.41,90.61,91.07,0
05/27/2010,89.94,91.08,89.82,91.056,0
05/26/2010,90.26,90.67001,89.831,89.92101,0
05/25/2010,90.28,90.307,89.268,90.23,0
05/24/2010,90.08,90.61501,89.75301,90.285,0
05/21/2010,89.706,90.47601,89.054,90.09,0
05/20/2010,91.717,91.873,88.978,89.68,0
05/19/2010,92.25,92.25,90.954,91.7,0
05/18/2010,92.58,92.962,92.106,92.24001,0
05/17/2010,92.44,92.69,91.77,92.58801,0
05/14/2010,92.76,93.09,91.812,92.47,0
05/13/2010,93.23,93.633,92.597,92.75,0
05/12/2010,92.66,93.28,92.457,93.24001,0
05/11/2010,93.27,93.387,92.22,92.656,0
05/10/2010,91.55,93.539,91.55,93.3,0
05/07/2010,90.595,93.22,90.025,91.56,0
05/06/2010,93.84,93.973,88.15,90.56,0
05/05/2010,94.573,94.981,93.544,93.823,0
05/04/2010,94.52,94.98,94.33,94.531,0
05/03/2010,93.87,94.785,93.74001,94.538,0
04/30/2010,94.03201,94.58,93.848,93.86501,0
04/29/2010,94.01,94.26,93.86,94.035,0
04/28/2010,93.275,94.317,92.999,94.03,0
04/27/2010,93.956,94.035,92.824,93.26501,0
04/26/2010,93.95,94.355,93.936,93.96,0
04/23/2010,93.469,94.324,93.318,93.96,0
04/22/2010,93.203,93.61501,92.749,93.48901,0
04/21/2010,93.205,93.439,92.94,93.182,0
04/20/2010,92.384,93.39001,92.384,93.22,0
04/19/2010,92.18,92.464,91.6,92.408,0
04/16/2010,93.05,93.14001,91.91,92.14001,0
04/15/2010,93.214,93.522,92.873,93.031,0
04/14/2010,93.22,93.72,92.831,93.232,0
04/13/2010,93.233,93.41,92.578,93.19601,0
04/12/2010,93.2,93.60101,92.909,93.246,0
04/09/2010,93.358,93.78,93.12,93.17001,0
04/08/2010,93.36,93.48,92.84,93.38,0
04/07/2010,93.81,94.262,93.158,93.34,0
04/06/2010,94.38,94.38,93.67001,93.794,0
04/05/2010,94.59,94.78,94.093,94.367,0
04/02/2010,93.81,94.69,93.605,94.61,0
04/01/2010,93.451,94.042,93.287,93.826,0
03/31/2010,92.751,93.633,92.751,93.46,0
03/30/2010,92.473,93.01,92.13,92.768,0
03/29/2010,92.53201,92.781,92.28,92.47,0
03/26/2010,92.71,92.891,92.314,92.519,0
03/25/2010,92.288,92.953,91.77,92.737,0
03/24/2010,90.39001,92.399,90.354,92.3,0
03/23/2010,90.15,90.471,90.07,90.4,0
03/22/2010,90.52,90.768,89.837,90.144,0
03/19/2010,90.37,90.711,90.34,90.563,0
03/18/2010,90.311,90.802,89.764,90.38,0
03/17/2010,90.32,90.71,90.038,90.3,0
03/16/2010,90.55,90.73,89.987,90.314,0
03/15/2010,90.54,90.87,90.361,90.53,0
03/12/2010,90.51,91.081,90.18,90.57,0
03/11/2010,90.5,90.70901,90.212,90.501,0
03/10/2010,89.982,90.816,89.85,90.52,0
03/09/2010,90.31,90.327,89.638,89.97,0
03/08/2010,90.23,90.667,90.16,90.303,0
03/05/2010,89.01,90.587,88.98901,90.303,0
03/04/2010,88.47601,89.25301,88.146,89.038,0
03/03/2010,88.867,88.988,88.332,88.46,0
03/02/2010,89.12,89.37,88.56,88.85,0
03/01/2010,88.97,89.47601,88.8,89.12701,0
02/26/2010,89.11,89.50201,88.751,88.93,0
02/25/2010,90.16,90.317,88.81,89.098,0
02/24/2010,90.24001,90.354,89.771,90.146,0
02/23/2010,91.16,91.292,89.931,90.22,0
02/22/2010,91.55,91.9,91.03,91.14001,0
02/19/2010,91.793,92.143,91.51,91.52,0
02/18/2010,91.23,91.82,90.569,91.8,0
02/17/2010,90.12,91.38,90.12,91.248,0
02/16/2010,89.99001,90.508,89.72,90.14001,0
02/15/2010,89.95,90.23,89.92001,90.008,0
02/12/2010,89.78,90.411,89.6,89.98,0
02/11/2010,89.94,90.136,89.575,89.76,0
02/10/2010,89.68,90.057,89.25201,89.952,0
02/09/2010,89.26,89.801,89.17001,89.693,0
02/08/2010,89.2,89.56,89.154,89.26,0
02/05/2010,89.048,89.886,88.83401,89.25,0
02/04/2010,90.97,91.075,88.56,89.038,0
02/03/2010,90.4,91.275,90.086,90.978,0
02/02/2010,90.597,90.91,90.272,90.39001,0
02/01/2010,90.26,90.942,89.81,90.61,0
01/29/2010,89.94,90.922,89.59,90.27,0
01/28/2010,89.99001,90.54501,89.638,89.925,0
01/27/2010,89.669,90.077,89.146,90,0
01/26/2010,90.26,90.55,89.35,89.65,0
01/25/2010,89.86,90.34,89.826,90.274,0
01/22/2010,90.45,90.56,89.79,89.82,0
01/21/2010,91.22,91.87,90.124,90.44,0
01/20/2010,91.126,91.46,90.797,91.24001,0
01/19/2010,90.8,91.26,90.32,91.14001,0
01/18/2010,90.81,91.054,90.63,90.78,0
01/15/2010,91.221,91.32,90.6,90.81,0
01/14/2010,91.36,92.041,90.849,91.2,0
01/13/2010,90.999,91.554,90.914,91.38,0
01/12/2010,92.1,92.42101,90.735,90.986,0
01/11/2010,92.68,92.68,91.82,92.09,0
01/08/2010,93.32,93.775,92.287,92.67001,0
01/07/2010,92.3,93.4,92.11501,93.33,0
01/06/2010,91.72,92.74001,91.53,92.32,0
01/05/2010,92.53,92.547,91.261,91.7,0
01/04/2010,93,93.21,92.197,92.52,0
