Date,Open,High,Low,Close,Volume
12/31/2008,90.346,90.95,90.11,90.69,0
12/30/2008,90.7,91,89.93,90.29,0
12/29/2008,90.75,90.75,89.67001,90.66,0
12/26/2008,90.41,90.88,90.3,90.82,0
12/24/2008,90.9,90.9,90.2,90.44,0
12/23/2008,90.223,90.97,89.81,90.97,0
12/22/2008,89.46,90.47,89.46,90.27,0
12/19/2008,89.45,89.84,88.31,89.33,0
12/18/2008,87.27,90.03,87.23,89.42001,0
12/17/2008,89.01,89.212,87.07,87.22,0
12/16/2008,90.63,90.63,88.75,89.05,0
12/15/2008,91.21,91.35,90.16,90.656,0
12/12/2008,91.44,91.85,88.09,91.12,0
12/11/2008,92.74001,92.844,91.08,91.42001,0
12/10/2008,92.26,93.03,92.26,92.76,0
12/09/2008,92.806,93.07,91.91,92.16,0
12/08/2008,92.88,93.893,92.51,92.83,0
12/05/2008,92.25,93.318,91.52,92.82,0
12/04/2008,93.294,93.41,92.14001,92.23,0
12/03/2008,93.17001,93.62,92.46,93.28,0
12/02/2008,93.216,93.82,92.56,93.19,0
12/01/2008,95.41,95.41,93.078,93.21,0
11/28/2008,95.203,95.75,95.06,95.55,0
11/27/2008,95.63,95.71,94.96,95.3,0
11/26/2008,95.26,95.87,94.52,95.66,0
11/25/2008,97.35,97.37,94.96,95.26,0
11/24/2008,95.89001,97.33,94.91,97.33,0
11/21/2008,93.81,95.947,93.81,95.9,0
11/20/2008,95.732,96.18,93.58,93.72,0
11/19/2008,97.033,97.052,95.7,95.7,0
11/18/2008,96.48,97.41,96,97.012,0
11/17/2008,97.21,97.55,95.99001,96.45,0
11/14/2008,97.68,97.71,96.06,97.07,0
11/13/2008,94.97,98.14001,94.97,97.681,0
11/12/2008,97.67001,98.1,94.45,95.02,0
11/11/2008,98.023,98.29,97.29,97.66,0
11/10/2008,98.21,99.48,97.6,98.02,0
11/07/2008,97.76,98.64001,96.73,98.23,0
11/06/2008,97.97,98.67001,97.43,97.73,0
11/05/2008,99.67001,99.87,97.918,97.918,0
11/04/2008,99.08,100.57,98.347,99.73,0
11/03/2008,98.543,99.65,98.28,99.12701,0
10/31/2008,98.596,99.13,96.32,98.49001,0
10/30/2008,97.46,99.13,97.38,98.556,0
10/29/2008,98.01,98.29,96.06,97.393,0
10/28/2008,92.81,98.25,92.62,97.98,0
10/27/2008,94.3,94.473,91.97,92.846,0
10/24/2008,97.45,97.86,90.83,94.29,0
10/23/2008,97.64001,98.32,95.98,97.31,0
10/22/2008,100.13,100.54,97.26,97.682,0
10/21/2008,101.86,102.15,100.121,100.121,0
10/20/2008,101.69,102.42,101.34,101.84,0
10/17/2008,101.56,101.83,100.53,101.62,0
10/16/2008,99.98,101.67,99.24001,101.59,0
10/15/2008,102.03,102.03,99.93,99.95,0
10/14/2008,102,103.09,101.55,102.07,0
10/13/2008,100.67,102.148,99.54,102.047,0
10/10/2008,99.801,100.7,97.89001,100.63,0
10/09/2008,99.25,101.49,99.25,99.799,0
10/08/2008,101.48,101.59,98.51,99.167,0
10/07/2008,101.81,103.29,101.09,101.5,0
10/06/2008,105.08,105.08,100.07,101.84,0
10/03/2008,105.358,106.17,104.38,105.32,0
10/02/2008,105.74,106.28,105.07,105.34,0
10/01/2008,106.112,106.55,105.29,105.74,0
09/30/2008,104.14,106.46,103.47,106.12,0
09/29/2008,106,106.96,104.04,104.21,0
09/26/2008,106.47,106.47,105,106.08,0
09/25/2008,106.1,107.01,105.39,106.57,0
09/24/2008,105.533,106.35,105.33,106.11,0
09/23/2008,105.53,106.07,105.11,105.56,0
09/22/2008,106.91,106.91,105.18,105.5,0
09/19/2008,105.478,108.04,105.413,107.45,0
09/18/2008,104.61,105.768,103.96,105.46,0
09/17/2008,105.63,106.71,104.33,104.607,0
09/16/2008,104.667,106.348,103.5,105.6,0
09/15/2008,106.92,106.92,104.45,104.659,0
09/12/2008,107.17,107.96,106.69,107.96,0
09/11/2008,107.67,107.79,106.04,107.123,0
09/10/2008,106.84,107.936,106.58,107.66,0
09/09/2008,108.18,108.18,106.733,106.84,0
09/08/2008,107.72,109.08,107.72,108.27,0
09/05/2008,107.09,107.7,105.42,107.68,0
09/04/2008,108.3,108.57,106.98,107.08,0
09/03/2008,108.606,109.09,108.07,108.28,0
09/02/2008,108.58,109.18,107.86,108.61,0
09/01/2008,108.83,108.83,108.23,108.31,0
08/29/2008,109.494,109.57,108.38,108.8,0
08/28/2008,109.46,109.72,108.75,109.48,0
08/27/2008,109.6,109.89,108.65,109.49,0
08/26/2008,109.31,109.93,109.12,109.6,0
08/25/2008,110.12,110.28,109,109.29,0
08/22/2008,108.47,110.141,108.4,110.08,0
08/21/2008,109.797,109.797,108.09,108.46,0
08/20/2008,109.738,110.27,109.58,109.88,0
08/19/2008,110.138,110.327,109.53,109.71,0
08/18/2008,110.46,110.46,109.98,110.09,0
08/15/2008,109.72,110.68,109.6,110.48,0
08/14/2008,109.47,109.981,109,109.73,0
08/13/2008,109.27,109.705,108.35,109.55,0
08/12/2008,110.08,110.35,109.27,109.275,0
08/11/2008,110.17,110.38,109.52,110.07,0
08/08/2008,109.448,110.36,109.28,110.18,0
08/07/2008,109.69,109.69,109.09,109.44,0
08/06/2008,108.338,109.848,108.18,109.787,0
08/05/2008,108.24,108.41,107.65,108.35,0
08/04/2008,107.71,108.29,107.43,108.26,0
08/01/2008,107.93,107.94,107.3,107.68,0
07/31/2008,108.12,108.37,107.55,107.92,0
07/30/2008,108.09,108.33,107.69,108.13,0
07/29/2008,107.47,108.29,107.28,108.11,0
07/28/2008,107.82,108.07,107.33,107.46,0
07/25/2008,107.35,107.94,106.56,107.86,0
07/24/2008,107.87,107.982,107.2,107.33,0
07/23/2008,107.32,107.96,107.15,107.89,0
07/22/2008,106.44,107.45,106.04,107.32,0
07/21/2008,106.94,107.17,106.35,106.44,0
07/18/2008,106.77,106.99,105.95,106.98,0
07/17/2008,105.12,105.49,104.76,105.33,0
07/16/2008,104.73,105.19,103.75,105.12,0
07/15/2008,106.159,106.23,104.12,104.71,0
07/14/2008,106.3,106.81,106.04,106.14,0
07/11/2008,107.058,107.291,105.63,106.27,0
07/10/2008,106.77,107.45,106.68,107.06,0
07/09/2008,107.48,107.66,106.69,106.76,0
07/08/2008,107.15,107.54,106.23,107.5,0
07/07/2008,106.8,107.75,106.63,107.17,0
07/04/2008,106.76,106.88,106.56,106.8,0
07/03/2008,105.911,106.94,105.75,106.73,0
07/02/2008,106.15,106.77,105.75,105.9,0
07/01/2008,106.21,106.39,105.2,106.13,0
06/30/2008,106.16,106.463,104.96,106.22,0
06/27/2008,106.84,107.21,105.84,106.13,0
06/26/2008,107.84,108.183,106.59,106.8,0
06/25/2008,107.82,108.42,107.63,107.81,0
06/24/2008,107.82,108.22,107.33,107.821,0
06/23/2008,107.35,108.07,107.13,107.85,0
06/20/2008,107.997,108.06,107.142,107.32,0
06/19/2008,107.883,108.06,107.38,108,0
06/18/2008,107.94,108.43,107.74,107.88,0
06/17/2008,108.209,108.4,107.57,107.94,0
06/16/2008,108.16,108.58,107.89,108.21,0
06/13/2008,107.92,108.385,107.62,108.18,0
06/12/2008,106.95,108.09,106.73,107.94,0
06/11/2008,107.417,107.76,106.52,106.94,0
06/10/2008,106.27,107.45,106.21,107.423,0
06/09/2008,104.94,106.34,104.61,106.31,0
06/06/2008,105.93,106.34,104.93,104.95,0
06/05/2008,105.21,106.44,105.18,105.93,0
06/04/2008,105.07,105.35,104.51,105.196,0
06/03/2008,104.45,105.555,103.85,105.08,0
06/02/2008,105.49,105.531,104,104.42,0
05/30/2008,105.47,105.74,105.21,105.5,0
05/29/2008,104.677,105.871,104.58,105.5,0
05/28/2008,104.25,105.317,103.86,104.71,0
05/27/2008,103.41,104.33,103.24,104.28,0
05/26/2008,103.4,103.49,103.1,103.43,0
05/23/2008,104.067,104.26,103.04,103.37,0
05/22/2008,103.068,104.381,102.7,104.08,0
05/21/2008,103.68,103.68,102.94,103.047,0
05/20/2008,104.32,104.48,103.42,103.69,0
05/19/2008,104.12,104.69,103.59,104.32,0
05/16/2008,104.77,105.096,103.48,104.1,0
05/15/2008,105.02,105.29,104.4,104.75,0
05/14/2008,104.73,105.44,104.55,105.031,0
05/13/2008,103.721,104.9,103.36,104.76,0
05/12/2008,102.9,104.04,102.55,103.76,0
05/09/2008,103.76,103.964,102.57,102.83,0
05/08/2008,104.748,104.95,103.36,103.716,0
05/07/2008,104.79,105.59,104.64,104.723,0
05/06/2008,105.12,105.12,103.99,104.77,0
05/05/2008,104.76,105.62,104.76,104.85,0
05/02/2008,104.414,105.7,104.31,105.42,0
05/01/2008,103.9,104.57,103.52,104.47,0
04/30/2008,104.044,104.88,103.65,103.87,0
04/29/2008,104.18,104.36,103.2,104,0
04/28/2008,104.4,104.813,104.1,104.2,0
04/25/2008,104.213,104.82,103.87,104.42,0
04/24/2008,103.363,104.521,103.29,104.24,0
04/23/2008,103.05,103.78,102.72,103.427,0
04/22/2008,103.28,103.543,102.65,103.02,0
04/21/2008,103.66,104.062,102.94,103.29,0
04/18/2008,102.46,104.643,102.23,103.69,0
04/17/2008,101.68,102.72,101.68,102.47,0
04/16/2008,101.409,101.514,100.312,101.092,0
04/15/2008,101.08,101.825,100.805,101.76,0
04/14/2008,100.98,101.5,100.26,101.09,0
04/11/2008,101.91,102.27,100.62,100.99,0
04/10/2008,101.82,102.041,99.98,101.955,0
04/09/2008,102.64,102.83,101.52,101.79,0
04/08/2008,102.38,102.69,101.72,102.64,0
04/07/2008,101.53,102.85,101.53,102.4,0
04/04/2008,102.28,102.69,101.43,101.49,0
04/03/2008,102.35,102.95,102.02,102.29,0
04/02/2008,101.82,102.831,101.49,102.38,0
04/01/2008,99.67001,102.16,99.56,101.855,0
03/31/2008,99.25,100.16,98.94,99.67001,0
03/28/2008,99.6,100.39,99.14001,99.25,0
03/27/2008,99.21,100.16,98.53,99.63,0
03/26/2008,100.02,100.33,98.84,99.16,0
03/25/2008,100.73,101.035,99.59,99.98,0
03/24/2008,99.59,100.88,99.56,100.74,0
03/21/2008,99.52,99.74001,99.29,99.59,0
03/20/2008,99.05,100.165,98.49001,99.54,0
03/19/2008,99.82,100.11,97.8,99.1,0
03/18/2008,97.36,99.89001,96.95,99.78,0
03/17/2008,98.16,98.16,96.61,97.355,0
03/14/2008,100.65,101.15,98.944,99.02,0
03/13/2008,101.685,101.685,99.74001,100.64,0
03/12/2008,103.33,103.33,101.65,101.82,0
03/11/2008,101.76,103.57,101.41,103.425,0
03/10/2008,102.45,102.45,101.54,101.74,0
03/07/2008,102.72,103.24,101.39,102.68,0
03/06/2008,103.96,104,102.56,102.66,0
03/05/2008,103.38,104.19,103.26,104.01,0
03/04/2008,103.49,103.562,102.63,103.36,0
03/03/2008,103.71,103.71,102.59,103.48,0
02/29/2008,105.01,105.01,103.71,103.74,0
02/28/2008,106.48,106.64,105.1,105.37,0
02/27/2008,107.31,107.37,105.92,106.48,0
02/26/2008,108.04,108.14,107.2,107.3,0
02/25/2008,107.21,108.19,107.21,108.08,0
02/22/2008,107.42,107.57,106.75,107.17,0
02/21/2008,108.11,108.33,107.175,107.4,0
02/20/2008,107.81,108.33,107.43,108.13,0
02/19/2008,108.21,108.28,107.17,107.76,0
02/18/2008,107.76,108.32,107.73,108.24,0
02/15/2008,107.88,108.31,107.24,107.81,0
02/14/2008,108.28,108.61,107.78,107.86,0
02/13/2008,107.3,108.37,106.97,108.32,0
02/12/2008,106.98,107.53,106.78,107.34,0
02/11/2008,107.37,107.49,106.3,106.96,0
02/08/2008,107.47,107.73,107.13,107.34,0
02/07/2008,106.52,107.8,105.87,107.5,0
02/06/2008,106.76,106.79,106.15,106.55,0
02/05/2008,106.69,107.74,106.62,106.83,0
02/04/2008,106.53,107.11,106.53,106.71,0
02/01/2008,106.44,106.73,105.73,106.57,0
01/31/2008,106.28,107.3,105.67,106.44,0
01/30/2008,107.1,107.48,106.28,106.32,0
01/29/2008,106.87,107.24,106.36,107.09,0
01/28/2008,106.76,107.05,105.94,106.895,0
01/25/2008,107.165,107.89,106.73,106.73,0
01/24/2008,106.67,107.18,105.9,107.17,0
01/23/2008,106.42,107.38,104.94,106.73,0
01/22/2008,105.97,107.04,105.6,106.465,0
01/21/2008,106.83,106.98,105.65,105.96,0
01/18/2008,106.56,107.59,106.36,106.84,0
01/17/2008,107.6,107.8,106.56,106.56,0
01/16/2008,106.79,107.9,105.88,107.63,0
01/15/2008,108.17,108.28,106.58,106.81,0
01/14/2008,108.87,108.961,107.33,108.16,0
01/11/2008,109.37,109.71,108.61,108.84,0
01/10/2008,109.99,110.08,109.12,109.33,0
01/09/2008,108.91,110.09,108.8,110.06,0
01/08/2008,109.16,109.83,108.88,108.91,0
01/07/2008,108.62,109.732,108.54,109.19,0
01/04/2008,109.34,109.54,107.84,108.62,0
01/03/2008,109.665,109.74,108.21,109.32,0
01/02/2008,111.66,111.92,109.2,109.659,0
