Date,Open,High,Low,Close,Volume
12/31/2010,1404.53,1421.01,1403.96,1420.68,0
12/30/2010,1411.5,1414.56,1402.86,1404.41,0
12/29/2010,1405.57,1413.76,1401.07,1411.33,0
12/28/2010,1383.5,1406.47,1382.47,1405.64,0
12/27/2010,1376.6,1386.04,1372.55,1383.34,0
12/24/2010,1379.7,1385.07,1378.6,1382.78,0
12/23/2010,1385.18,1387.97,1372.33,1379.73,0
12/22/2010,1385.4,1390.68,1383.07,1385.11,0
12/21/2010,1385.12,1391.73,1381.25,1385.3,0
12/20/2010,1376.24,1387.77,1376.22,1384.85,0
12/17/2010,1369.92,1378.55,1364.82,1374.36,0
12/16/2010,1380.6,1386.02,1362.28,1369.87,0
12/15/2010,1395.74,1397.08,1378.92,1380.58,0
12/14/2010,1393.8,1407.75,1391.91,1395.87,0
12/13/2010,1383.46,1398.72,1380.26,1393.9,0
12/10/2010,1386.96,1392.09,1372.27,1386.21,0
12/09/2010,1381.8,1393.77,1380.02,1386.75,0
12/08/2010,1401.78,1404.07,1371.86,1381.68,0
12/07/2010,1423.36,1430.63,1397.04,1401.79,0
12/06/2010,1414.15,1426.73,1409.14,1423.41,0
12/03/2010,1384.8,1415.34,1384.52,1413.45,0
12/02/2010,1387.53,1398.22,1382.85,1385.04,0
12/01/2010,1386.02,1396.58,1382.13,1387.84,0
11/30/2010,1366.3,1389.67,1362.74,1386.01,0
11/29/2010,1363.19,1369.09,1353.11,1366.61,0
11/26/2010,1374.48,1375.05,1351.41,1363.62,0
11/25/2010,1373.71,1375.06,1368.42,1374.86,0
11/24/2010,1376.24,1381.29,1369.68,1373.59,0
11/23/2010,1366.66,1382.33,1356.59,1376.52,0
11/22/2010,1357.67,1367.68,1348.76,1366.7,0
11/19/2010,1352.84,1363.08,1341.95,1353.33,0
11/18/2010,1336.43,1359.19,1331.6,1353.15,0
11/17/2010,1339.9,1344.77,1331.34,1337.09,0
11/16/2010,1360.93,1364.49,1330.04,1339.82,0
11/15/2010,1369.45,1376.64,1356.23,1360.41,0
11/12/2010,1408.16,1410.2,1360.34,1368.68,0
11/11/2010,1403.65,1417.56,1397.52,1408.72,0
11/10/2010,1393.24,1410.07,1384.43,1404.08,0
11/09/2010,1409.1,1424.36,1383.22,1392.94,0
11/08/2010,1394.15,1410.34,1387.26,1409.34,0
11/05/2010,1392.26,1397.96,1373.86,1393.5,0
11/04/2010,1348.9,1393.26,1347.26,1392.24,0
11/03/2010,1357.04,1364.38,1326.04,1348.78,0
11/02/2010,1354.23,1359.66,1350.73,1357.22,0
11/01/2010,1359.29,1365.69,1349.46,1353.77,0
10/29/2010,1343.78,1359.21,1335.68,1358.11,0
10/28/2010,1325.59,1345.75,1323.38,1343.74,0
10/27/2010,1340.23,1343.43,1319.37,1325.14,0
10/26/2010,1339.61,1343.5,1328.47,1340.31,0
10/25/2010,1327.42,1349.05,1327.42,1339.58,0
10/22/2010,1326.04,1328.48,1315.45,1328.08,0
10/21/2010,1345.85,1349.07,1318.33,1325.62,0
10/20/2010,1332.29,1347.03,1330.96,1346.04,0
10/19/2010,1368.28,1373.3,1328.62,1332.02,0
10/18/2010,1369.1,1374.79,1353.14,1368.56,0
10/15/2010,1380.75,1385.34,1362.75,1368.6,0
10/14/2010,1371.78,1387.08,1370.85,1381.01,0
10/13/2010,1350.71,1373.97,1349.54,1372.12,0
10/12/2010,1353.62,1355.16,1341.01,1350.54,0
10/11/2010,1348.14,1355.2,1340.65,1353.77,0
10/08/2010,1333.9,1361.1,1325.38,1347.21,0
10/07/2010,1348.7,1364.7,1326.19,1333.74,0
10/06/2010,1340.33,1349.8,1339.17,1348.93,0
10/05/2010,1315.59,1341.44,1312.74,1340.61,0
10/04/2010,1318.84,1320.09,1312.72,1315.07,0
10/01/2010,1308.7,1320.5,1306.55,1318.96,0
09/30/2010,1309.59,1315.74,1296.38,1308.31,0
09/29/2010,1308.75,1313.22,1305.96,1309.7,0
09/28/2010,1296.09,1309.88,1283.18,1308.89,0
09/27/2010,1297.36,1299.77,1294.98,1296.48,0
09/24/2010,1292.11,1299.72,1291.97,1296.5,0
09/23/2010,1291.12,1295.76,1287.28,1292.32,0
09/22/2010,1286.82,1296.02,1286.62,1291.28,0
09/21/2010,1278.12,1290.42,1271.7,1287.03,0
09/20/2010,1274.59,1283.46,1274.59,1278.51,0
09/17/2010,1274.98,1282.72,1272.3,1274.36,0
09/16/2010,1268.17,1277.59,1265.16,1275.22,0
09/15/2010,1267.96,1271.78,1263.62,1268.1,0
09/14/2010,1245.62,1274.66,1245.14,1268.22,0
09/13/2010,1246.05,1249.09,1241.56,1245.39,0
09/10/2010,1244.06,1250.99,1237.01,1246.2,0
09/09/2010,1255.31,1258.73,1242.95,1243.78,0
09/08/2010,1255.4,1262.26,1253.97,1255.09,0
09/07/2010,1249.65,1259.6,1245.11,1255.54,0
09/06/2010,1248.28,1250.97,1247.24,1249.77,0
09/03/2010,1250.82,1253.68,1238.34,1247,0
09/02/2010,1244.9,1253.01,1243.71,1251.15,0
09/01/2010,1247.18,1254.51,1242.98,1244.18,0
08/31/2010,1237.16,1249.68,1233.09,1247.21,0
08/30/2010,1237.92,1238.45,1233.8,1236.94,0
08/27/2010,1237.87,1242,1232.34,1237.88,0
08/26/2010,1239.62,1244,1234.43,1237.63,0
08/25/2010,1230.14,1241.08,1229.44,1240.08,0
08/24/2010,1226.36,1235.15,1210.72,1230.21,0
08/23/2010,1227.17,1231.6,1222.17,1225.75,0
08/20/2010,1231.95,1233.6,1222.6,1227.73,0
08/19/2010,1229.2,1237.2,1228.18,1231.92,0
08/18/2010,1224.96,1232.2,1218.16,1229.44,0
08/17/2010,1224.95,1228.85,1222.93,1225.05,0
08/16/2010,1214.72,1227.24,1214.72,1225.04,0
08/13/2010,1213.38,1217.35,1211.24,1215.37,0
08/12/2010,1198.4,1215.14,1197.84,1214.13,0
08/11/2010,1203.79,1207.69,1192.9,1198.3,0
08/10/2010,1201.67,1207.1,1191.18,1204.39,0
08/09/2010,1205.1,1209.55,1199.53,1201.33,0
08/06/2010,1194.8,1210.69,1192.8,1205.17,0
08/05/2010,1194.7,1199.68,1190.39,1195.03,0
08/04/2010,1186.02,1202.77,1185.34,1194.78,0
08/03/2010,1182.6,1190.5,1179.75,1186.08,0
08/02/2010,1180.4,1190.8,1174.8,1182.62,0
07/30/2010,1168.26,1183.46,1165.95,1180.9,0
07/29/2010,1163.43,1169.4,1158.9,1168.4,0
07/28/2010,1161.99,1165.92,1155.9,1163.46,0
07/27/2010,1183.75,1186.99,1157.2,1161.54,0
07/26/2010,1189.6,1194.54,1180.1,1183.36,0
07/23/2010,1194.71,1203.9,1184.3,1189.32,0
07/22/2010,1185.53,1201.03,1181,1194.8,0
07/21/2010,1191.86,1197.88,1183.8,1185.09,0
07/20/2010,1183.27,1193.7,1175.75,1191.97,0
07/19/2010,1193.29,1195.03,1177.5,1182.86,0
07/16/2010,1208.4,1210.69,1186.2,1192.95,0
07/15/2010,1208.72,1217.13,1204,1208.38,0
07/14/2010,1211.99,1217.95,1202.8,1208.5,0
07/13/2010,1197.16,1217.68,1196.76,1212.21,0
07/12/2010,1211.5,1213,1196.66,1197.3,0
07/09/2010,1198.3,1213.59,1194.6,1211.35,0
07/08/2010,1202.51,1207.78,1187.4,1198.09,0
07/07/2010,1192.98,1203.82,1185,1202.8,0
07/06/2010,1209.48,1213.5,1189.5,1192.6,0
07/05/2010,1211.05,1214.4,1206.3,1208.85,0
07/02/2010,1199.26,1213.2,1198.6,1211.62,0
07/01/2010,1242.07,1244.1,1196.7,1198.9,0
06/30/2010,1240.34,1247.9,1235.06,1242.58,0
06/29/2010,1239.26,1244.95,1226.6,1240.5,0
06/28/2010,1255.3,1262.56,1235,1238.81,0
06/25/2010,1243.21,1258.12,1240.6,1255.7,0
06/24/2010,1237.7,1248.35,1227,1243.22,0
06/23/2010,1239.82,1246.25,1224.4,1237.2,0
06/22/2010,1234.03,1242.6,1231.3,1239.9,0
06/21/2010,1256,1265.03,1230.7,1233.59,0
06/18/2010,1244.83,1262.3,1242.07,1256.62,0
06/17/2010,1229.52,1251.1,1229.3,1245.24,0
06/16/2010,1233.92,1237.8,1227.3,1229.21,0
06/15/2010,1221.53,1236.8,1221.53,1234.43,0
06/14/2010,1226.2,1233.95,1216.72,1221.52,0
06/11/2010,1216.81,1230.8,1216.52,1226.3,0
06/10/2010,1233.61,1234.57,1215.3,1216.67,0
06/09/2010,1236.94,1240.9,1222,1233.6,0
06/08/2010,1239.99,1252.1,1233.81,1236.82,0
06/07/2010,1219.5,1244.7,1210.97,1240.4,0
06/04/2010,1206.97,1220.3,1197.15,1219.83,0
06/03/2010,1223.76,1225.45,1201.4,1206.8,0
06/02/2010,1225.43,1226.95,1213.8,1223.61,0
06/01/2010,1216.02,1228.76,1214.7,1225.62,0
05/31/2010,1213.98,1217.82,1210.29,1216.3,0
05/28/2010,1212.2,1215.3,1202.51,1214.5,0
05/27/2010,1211.3,1218.3,1206.24,1212.7,0
05/26/2010,1203.75,1216.34,1201.2,1211.5,0
05/25/2010,1191.44,1204.03,1185.74,1204.03,0
05/24/2010,1177.48,1196.57,1175.1,1191.82,0
05/21/2010,1182.67,1187.6,1166.5,1177.11,0
05/20/2010,1194.04,1197.94,1175.47,1182.59,0
05/19/2010,1224.91,1227.66,1187.11,1193.67,0
05/18/2010,1222.79,1229.09,1207.1,1224.9,0
05/17/2010,1228.6,1242.26,1219.6,1222.41,0
05/14/2010,1233.2,1249.25,1218.26,1232.6,0
05/13/2010,1238.74,1242.95,1227.71,1232.88,0
05/12/2010,1232.48,1248.32,1227.12,1239.1,0
05/11/2010,1203.31,1234.22,1201.4,1232.66,0
05/10/2010,1205.1,1205.67,1184.36,1202.91,0
05/07/2010,1208.16,1213.46,1193.18,1208.5,0
05/06/2010,1174.82,1211.06,1172.96,1208.41,0
05/05/2010,1171.39,1176.62,1157.55,1175.28,0
05/04/2010,1182.09,1192.08,1167.43,1171.09,0
05/03/2010,1178.85,1187.62,1176.65,1182.31,0
04/30/2010,1166.72,1181.56,1163.8,1179.2,0
04/29/2010,1166.07,1171.14,1162.43,1167.14,0
04/28/2010,1167.74,1174.24,1160.93,1165.57,0
04/27/2010,1153.99,1172.6,1146.67,1168.15,0
04/26/2010,1157.45,1159.79,1151.17,1153.9,0
04/23/2010,1141.72,1157.6,1135.19,1157.6,0
04/22/2010,1146.22,1149.26,1132.08,1141.47,0
04/21/2010,1140.54,1150.36,1138.12,1146.8,0
04/20/2010,1136.03,1145.91,1133.9,1140.56,0
04/19/2010,1137.9,1137.9,1124.19,1135.76,0
04/16/2010,1158.86,1160.19,1130.51,1137.3,0
04/15/2010,1155.03,1161.36,1150.53,1159.36,0
04/14/2010,1150.91,1161.84,1150.67,1155.46,0
04/13/2010,1156.75,1157.14,1145.32,1150.9,0
04/12/2010,1161.4,1169.69,1154.58,1156.16,0
04/09/2010,1150.32,1164.7,1149.86,1161.6,0
04/08/2010,1149.21,1153.68,1144.02,1150.82,0
04/07/2010,1133.95,1153.13,1132.86,1149.53,0
04/06/2010,1131.74,1138.61,1123.24,1134.41,0
04/05/2010,1125.8,1133.28,1121.3,1131.79,0
04/02/2010,1126.59,1126.91,1119.7,1120.83,0
04/01/2010,1112.95,1127.93,1111.94,1126.8,0
03/31/2010,1103.84,1117.95,1102.84,1113.2,0
03/30/2010,1109.35,1113.28,1102.57,1103.76,0
03/29/2010,1106.7,1114.64,1103.82,1109.91,0
03/26/2010,1090.23,1109.65,1089.05,1107.1,0
03/25/2010,1086.8,1095.68,1085.74,1090.42,0
03/24/2010,1104.97,1105.67,1085.54,1086.74,0
03/23/2010,1102.44,1107.92,1094.8,1105.49,0
03/22/2010,1107.8,1108.59,1092.84,1102.07,0
03/19/2010,1127.03,1127.21,1101.89,1106.77,0
03/18/2010,1120.7,1129.16,1118.59,1127.24,0
03/17/2010,1127.42,1133.21,1118.74,1120.39,0
03/16/2010,1108.21,1128.63,1108.21,1127.64,0
03/15/2010,1102.63,1108.81,1100.5,1108.67,0
03/12/2010,1109.29,1119.16,1101.96,1101.96,0
03/11/2010,1108.75,1111.49,1100.96,1109.64,0
03/10/2010,1122.05,1127.9,1103.83,1108.38,0
03/09/2010,1123.85,1124.92,1108.97,1121.62,0
03/08/2010,1134.4,1137.54,1118.97,1123.45,0
03/05/2010,1132.49,1140.61,1128.1,1134.61,0
03/04/2010,1139.71,1141.78,1126.19,1131.96,0
03/03/2010,1134.4,1144.82,1132.66,1140.07,0
03/02/2010,1118.66,1137.55,1115.3,1134.64,0
03/01/2010,1117,1123.41,1112.4,1118.69,0
02/26/2010,1106.05,1118.9,1104.6,1117.55,0
02/25/2010,1097.97,1109.08,1088.72,1106.15,0
02/24/2010,1103.67,1108.12,1090.34,1097.67,0
02/23/2010,1114.53,1121.09,1099.71,1103.5,0
02/22/2010,1119.12,1130.91,1110.38,1114.3,0
02/19/2010,1109.05,1126.77,1099.82,1119.26,0
02/18/2010,1107.18,1124.03,1098.28,1109.12,0
02/17/2010,1119.19,1127.32,1105.6,1106.99,0
02/16/2010,1100.73,1121.05,1098.6,1119.31,0
02/15/2010,1094.25,1102.28,1092.05,1100.89,0
02/12/2010,1095.13,1096.97,1078.25,1093.3,0
02/11/2010,1072.37,1097.8,1071.85,1095.51,0
02/10/2010,1077.86,1082.16,1063.78,1072.01,0
02/09/2010,1063.15,1083.09,1062.24,1077.86,0
02/08/2010,1065.9,1078.84,1062.07,1063.15,0
02/05/2010,1063.87,1068.67,1044.79,1065.85,0
02/04/2010,1110.12,1111.1,1060.04,1063.7,0
02/03/2010,1114.23,1124.93,1107.53,1109.64,0
02/02/2010,1105.3,1118.45,1099.36,1114.58,0
02/01/2010,1081.5,1107.66,1077.1,1105.39,0
01/29/2010,1087.07,1090.41,1075.07,1081.41,0
01/28/2010,1088.52,1096.06,1074.47,1086.9,0
01/27/2010,1097.96,1102.37,1088.2,1088.2,0
01/26/2010,1098.24,1103.46,1085.94,1097.74,0
01/25/2010,1094.1,1104.09,1091.6,1098.46,0
01/22/2010,1094.38,1098.71,1082.7,1093.2,0
01/21/2010,1111.64,1117.54,1088.97,1094.37,0
01/20/2010,1138.1,1141.42,1111.13,1111.13,0
01/19/2010,1133.16,1140.56,1129.32,1138.37,0
01/18/2010,1129.25,1137.28,1128.16,1133.86,0
01/15/2010,1142.49,1145.72,1127.01,1130.95,0
01/14/2010,1137.81,1146.26,1131.25,1142.71,0
01/13/2010,1128.46,1138.67,1119.01,1138.34,0
01/12/2010,1151.54,1158.05,1125.42,1128.56,0
01/11/2010,1137.6,1161.82,1137.6,1151.91,0
01/08/2010,1131.99,1139.34,1120.05,1137.8,0
01/07/2010,1137.96,1138.88,1128.8,1131.58,0
01/06/2010,1118.34,1140.32,1116.95,1138.1,0
01/05/2010,1121.09,1128.5,1115.54,1118.21,0
01/04/2010,1096.8,1123.71,1093.73,1121.22,0
