Date,Open,High,Low,Close,Volume
12/31/2009,1093.24,1106.78,1093.01,1096.75,0
12/30/2009,1097.67,1098.14,1086.41,1093.17,0
12/29/2009,1106.82,1108.24,1097.05,1097.05,0
12/28/2009,1105.48,1113.72,1102,1107.18,0
12/24/2009,1087.44,1105.91,1087.44,1105.86,0
12/23/2009,1084.39,1095.73,1079.9,1087.5,0
12/22/2009,1093.7,1097.27,1074.97,1083.7,0
12/21/2009,1112.6,1118.3,1090.6,1093.76,0
12/18/2009,1099.16,1116.6,1096.99,1113.3,0
12/17/2009,1137.75,1141.65,1095.17,1098.74,0
12/16/2009,1125.49,1141.19,1121.87,1138.11,0
12/15/2009,1126.37,1128.9,1111.82,1125.32,0
12/14/2009,1115.98,1127.52,1111.28,1126.66,0
12/11/2009,1130.65,1142.14,1109.8,1115.39,0
12/10/2009,1128.48,1136.62,1121.45,1131.04,0
12/09/2009,1128.54,1146.9,1116.79,1128.81,0
12/08/2009,1158.54,1168.7,1125,1128.47,0
12/07/2009,1161.7,1165.12,1135.52,1158.17,0
12/04/2009,1207.93,1212.57,1148.01,1161.55,0
12/03/2009,1215.47,1226.37,1204.78,1207.92,0
12/02/2009,1196.35,1217,1195.78,1215.84,0
12/01/2009,1179.29,1201.47,1175.8,1196.41,0
11/30/2009,1177.45,1182.34,1164.4,1179.64,0
11/27/2009,1192,1192.5,1137.95,1177.2,0
11/26/2009,1191.5,1195.15,1180.84,1192.26,0
11/25/2009,1168.9,1191.66,1167.18,1191.66,0
11/24/2009,1165.76,1171.23,1158.26,1169.3,0
11/23/2009,1150.06,1173.65,1150.06,1166.08,0
11/20/2009,1144.78,1150.9,1133.27,1150.25,0
11/19/2009,1145.15,1146.18,1144.26,1144.26,0
11/18/2009,1141.09,1152.88,1136.46,1145.38,0
11/17/2009,1138.88,1141.84,1128.3,1141.64,0
11/16/2009,1118.41,1143.4,1118.41,1139.41,0
11/13/2009,1104.06,1119.05,1101.49,1119.01,0
11/12/2009,1117.16,1122.91,1103.08,1103.81,0
11/11/2009,1105.52,1118.51,1105.52,1117.66,0
11/10/2009,1103.6,1109.1,1103.6,1105.78,0
11/09/2009,1094.45,1111.1,1094.45,1104.02,0
11/06/2009,1090.54,1101.02,1087.06,1095.15,0
11/05/2009,1091.8,1094.52,1084.5,1090.22,0
11/04/2009,1084.18,1097.64,1080.41,1092.43,0
11/03/2009,1059.2,1087.78,1055.67,1084.53,0
11/02/2009,1046,1062.5,1042.17,1059.58,0
10/30/2009,1046.88,1048.88,1035.5,1045.2,0
10/29/2009,1028.43,1047.64,1027.09,1047.19,0
10/28/2009,1039.76,1041.87,1027.03,1028.18,0
10/27/2009,1039.03,1043.58,1032.98,1039.78,0
10/26/2009,1056,1059.76,1038.05,1038.65,0
10/23/2009,1059.76,1067.55,1050.53,1055.5,0
10/22/2009,1058.66,1061.44,1052.04,1060.01,0
10/21/2009,1055.46,1064.73,1048.25,1058.95,0
10/20/2009,1063.92,1067.81,1052.26,1055.46,0
10/19/2009,1053.05,1064.55,1048.32,1064.08,0
10/16/2009,1050.7,1056.78,1043.41,1053.5,0
10/15/2009,1062.74,1065.66,1046.82,1050.32,0
10/14/2009,1064.17,1070.71,1062.72,1062.72,0
10/13/2009,1056.75,1068.75,1051.33,1064.4,0
10/12/2009,1049.18,1058.94,1047.55,1056.78,0
10/09/2009,1054.9,1055.4,1044.14,1049.07,0
10/08/2009,1043.9,1061.36,1043.3,1055.01,0
10/07/2009,1041.77,1048.44,1036.84,1043.95,0
10/06/2009,1017.05,1043.48,1015.8,1041.93,0
10/05/2009,1002.53,1017.53,1001.48,1017.21,0
10/02/2009,999.5,1007.33,987.2,1003,0
10/01/2009,1007.42,1009.66,998.22,999.31,0
09/30/2009,992.13,1009.02,992.08,1007.64,0
09/29/2009,991.05,995.73,985.56,992.41,0
09/28/2009,991.45,996.55,986.4,990.9,0
09/25/2009,994.3,999.05,985.58,991,0
09/24/2009,1008.7,1018.93,991.12,993.89,0
09/23/2009,1014.2,1018.6,1006.46,1008.7,0
09/22/2009,1003.94,1019.65,1003.06,1014.66,0
09/21/2009,1008.15,1008.15,996.42,1003.56,0
09/18/2009,1013.76,1017.7,1006.56,1007.3,0
09/17/2009,1017.07,1024,1010.72,1013.6,0
09/16/2009,1007.42,1020.59,1006.61,1017.08,0
09/15/2009,1000.44,1009.58,992.76,1007.52,0
09/14/2009,1004.7,1009.02,993.78,1000.02,0
09/11/2009,996.38,1011.72,995.02,1005.1,0
09/10/2009,992.64,998.41,983.3,996.69,0
09/09/2009,995.26,1003.12,987.76,992.48,0
09/08/2009,994.7,1007.6,993.1,995.28,0
09/07/2009,993,996.54,991.44,995.18,0
09/04/2009,991.72,996.34,985.92,994.3,0
09/03/2009,978.25,997.39,974.78,992.24,0
09/02/2009,955.85,980.4,951.99,978.42,0
09/01/2009,951.63,956.94,946.84,956.14,0
08/31/2009,954.7,960.4,944.18,951.26,0
08/28/2009,947.94,961.54,947.94,954.9,0
08/27/2009,945.38,950.58,942,948.4,0
08/26/2009,944.35,950,940.55,945.8,0
08/25/2009,941.92,954.4,941.84,944.98,0
08/24/2009,952.5,956.81,935.2,941.7,0
08/21/2009,941.08,958,938.32,953.8,0
08/20/2009,941.81,945.67,937.66,940.88,0
08/19/2009,938.36,944.98,932.4,942.1,0
08/18/2009,934.88,939.82,934.46,938.81,0
08/17/2009,949.1,949.1,930.68,934.52,0
08/14/2009,954.76,959.14,942.7,948.3,0
08/13/2009,946.65,960.5,946.65,955.06,0
08/12/2009,946.34,952.2,940.5,946.96,0
08/11/2009,946.9,949.8,942.44,945.95,0
08/10/2009,955.4,956.7,942.85,946.4,0
08/07/2009,963.66,965.31,953.72,955,0
08/06/2009,963.8,971.7,956.7,963.3,0
08/05/2009,966.68,968,959.32,963.77,0
08/04/2009,956.5,970.05,951.46,967,0
08/03/2009,953.55,962.31,952.3,956.77,0
07/31/2009,934.33,955.5,932.9,954,0
07/30/2009,930.18,937.01,929.08,934.38,0
07/29/2009,937.95,940.8,926,929.68,0
07/28/2009,953.3,956.6,934.64,937.4,0
07/27/2009,950.9,959,948.4,953.6,0
07/24/2009,949.65,954.08,947.12,951.3,0
07/23/2009,951.2,957.3,947.88,949.3,0
07/22/2009,948.75,954.65,945.1,951.35,0
07/21/2009,948.2,953.71,944.8,948.75,0
07/20/2009,937.2,959.85,937.2,949.1,0
07/17/2009,938,939.8,932.25,937.3,0
07/16/2009,938.75,940.3,933.3,937,0
07/15/2009,925.2,942.06,920.45,939.2,0
07/14/2009,919.85,927.7,919.72,925.4,0
07/13/2009,912.6,923.26,908.9,920.14,0
07/10/2009,912.03,915.35,907.24,913,0
07/09/2009,910.1,918.51,907.05,912.55,0
07/08/2009,925.05,925.1,905.43,909.4,0
07/07/2009,925.6,931.8,921.6,924.65,0
07/06/2009,932.3,932.49,920.98,925.09,0
07/03/2009,930.35,934.26,928.36,932.5,0
07/02/2009,940.48,941.56,927.02,929.8,0
07/01/2009,927,946.4,926.59,940.59,0
06/30/2009,938.35,944.83,910.1,926.4,0
06/29/2009,939.5,952,934.8,937.8,0
06/26/2009,938.85,948.27,936.82,939.8,0
06/25/2009,930.9,940.2,907,939.49,0
06/24/2009,925.66,941.3,904,931.8,0
06/23/2009,923.2,926.99,902.1,925.67,0
06/22/2009,933.8,935.01,918.45,922.8,0
06/19/2009,933.9,939,931.35,934.25,0
06/18/2009,938.2,942.96,930.44,933.45,0
06/17/2009,934.7,940.36,928.16,938.36,0
06/16/2009,927.74,939.73,926.95,934.69,0
06/15/2009,939.03,939.59,925.81,928.21,0
06/12/2009,955.45,958.45,936.8,939.2,0
06/11/2009,954.45,961.93,943.38,954.47,0
06/10/2009,955.09,965.45,946.97,954.25,0
06/09/2009,952.03,961.88,947.67,954.92,0
06/08/2009,956,959.85,943.8,951.8,0
06/05/2009,980.35,983.5,952.8,954.65,0
06/04/2009,963.06,981.81,960.92,981.09,0
06/03/2009,981.97,989.77,960.58,964.04,0
06/02/2009,974.8,987,969.65,981.45,0
06/01/2009,980.37,988.9,973.79,975.3,0
05/29/2009,959.51,980.3,959.22,979.28,0
05/28/2009,949.7,964.94,944.5,959.67,0
05/27/2009,952.08,959.56,946.96,950.11,0
05/26/2009,958.84,958.84,941.34,952.14,0
05/25/2009,957.98,959.71,952.98,958.8,0
05/22/2009,953.9,961.35,950.32,957.36,0
05/21/2009,938.7,956.54,936.27,953.49,0
05/20/2009,925.2,940.65,925.2,938.3,0
05/19/2009,918.35,929.65,917.6,925.7,0
05/18/2009,931.75,933.9,916.15,918.25,0
05/15/2009,926.73,934.15,923.75,931.28,0
05/14/2009,926.32,928.9,920.72,926.43,0
05/13/2009,923.5,930.8,917.7,926.6,0
05/12/2009,913.65,924.15,912.15,923.5,0
05/11/2009,916.31,918.04,908.72,913.32,0
05/08/2009,910.89,919.95,906.88,916.5,0
05/07/2009,911.4,925.5,909.2,910.95,0
05/06/2009,897.24,912.7,895.52,910.95,0
05/05/2009,901.95,916.25,895.75,896.75,0
05/04/2009,886.45,907.65,885.2,901.45,0
05/01/2009,888.19,890.03,880.54,886.41,0
04/30/2009,897.94,900.18,880.65,888.79,0
04/29/2009,893.28,903.15,888.05,897.94,0
04/28/2009,906.44,906.88,884.18,893.44,0
04/27/2009,915.08,918.52,905.08,906.9,0
04/24/2009,904.3,916.5,859.85,886.15,0
04/23/2009,889.85,908.77,889.74,904.4,0
04/22/2009,883.81,893.63,882.09,889.97,0
04/21/2009,884.5,895.39,878.92,883.05,0
04/20/2009,867.18,888.87,865.45,884.23,0
04/17/2009,875.64,877.02,864.96,869.12,0
04/16/2009,891.25,894.01,872.46,875.56,0
04/15/2009,892.83,902.9,885.88,891.19,0
04/14/2009,893.77,898.46,886.35,889.73,0
04/13/2009,881.9,900.1,881.9,894.05,0
04/10/2009,878.25,885.9,878.25,881.6,0
04/09/2009,880.49,886.58,875.13,878.84,0
04/08/2009,880.8,890.95,877,881.55,0
04/07/2009,866.52,884.89,866.23,881.69,0
04/06/2009,896.46,896.78,865.49,869.27,0
04/03/2009,904.1,909.9,891.1,893.3,0
04/02/2009,927.21,929.64,893.44,904.3,0
04/01/2009,921.39,933.64,916.92,926.76,0
03/31/2009,918.02,924.75,911.93,918.82,0
03/30/2009,921.95,932.6,909.25,917,0
03/27/2009,934.68,936.02,918.88,923.08,0
03/26/2009,933.95,945.53,932.01,934.2,0
03/25/2009,926.13,940.9,917.15,933.68,0
03/24/2009,939.65,944.45,917.85,925.8,0
03/23/2009,954.82,959.13,936,939.47,0
03/20/2009,959.67,967.13,946.5,952.34,0
03/19/2009,941.95,961.51,926.16,958.86,0
03/18/2009,915.33,948.14,884.14,942.1,0
03/17/2009,923.32,924.87,912.43,915.69,0
03/16/2009,929.01,929.73,915.82,922.99,0
03/13/2009,926.87,938.69,919.81,929.43,0
03/12/2009,908.05,930.6,905.85,926.7,0
03/11/2009,898.21,913.44,892.77,909.09,0
03/10/2009,921.95,923.3,891.14,897.96,0
03/09/2009,939.83,942.27,911.79,922.78,0
03/06/2009,932.4,944.8,930.69,938.89,0
03/05/2009,906.35,937.4,905.83,933.29,0
03/04/2009,916.4,923.05,900.45,907.35,0
03/03/2009,926.19,933.04,905.37,916.5,0
03/02/2009,939.98,958.62,922.36,925.74,0
02/27/2009,945.89,963.28,927.81,943.73,0
02/26/2009,953.42,956.82,932.3,945.98,0
02/25/2009,962.43,978.51,945.02,953.65,0
02/24/2009,991.73,995.36,959.52,963.86,0
02/23/2009,995.36,998.45,976.31,992.15,0
02/20/2009,974.18,1006.43,970.31,993.25,0
02/19/2009,984.71,986.67,969.03,974.5,0
02/18/2009,969.39,987.63,961.2,985.35,0
02/17/2009,941.95,974,940.65,970,0
02/16/2009,941.75,945.76,936.3,941.84,0
02/13/2009,948.15,948.15,932.45,941.95,0
02/12/2009,939.12,952.92,935.37,947.06,0
02/11/2009,915.7,948.04,910.81,938.38,0
02/10/2009,894.45,918.45,891.3,915.4,0
02/09/2009,912.8,912.8,890.9,895.81,0
02/06/2009,914.5,920.45,904.4,911.45,0
02/05/2009,905.92,924.65,902.44,916.45,0
02/04/2009,900.6,909.55,895.71,905.95,0
02/03/2009,905.15,912.9,889.25,901.25,0
02/02/2009,925.1,928.4,901.85,905.4,0
01/30/2009,908.5,929.65,901.35,927.35,0
01/29/2009,887.46,910.22,874.94,908.23,0
01/28/2009,898.95,903.55,882.85,887.5,0
01/27/2009,903.4,907.65,893,898.95,0
01/26/2009,894.95,916.3,888.5,903.9,0
01/23/2009,856.93,903.6,852.98,899.62,0
01/22/2009,854.35,863.21,844.19,856.77,0
01/21/2009,857.33,864.8,843.84,854.91,0
01/20/2009,835.69,866.45,824.48,857.14,0
01/19/2009,844.1,846.5,832.45,836.35,0
01/16/2009,817.7,843.45,816.4,842.7,0
01/15/2009,811.8,821.6,802.55,817.75,0
01/14/2009,821.89,829.35,807.58,811.6,0
01/13/2009,820.74,830.36,814.7,821.8,0
01/12/2009,854.63,857.19,816,820.71,0
01/09/2009,857.4,868.95,845.25,853.25,0
01/08/2009,842.7,864.4,836.85,857.25,0
01/07/2009,863.65,867.19,836.56,842.94,0
01/06/2009,859.27,870.5,839.37,864.16,0
01/05/2009,877.5,884.85,844.8,859.5,0
01/02/2009,882.55,888.45,868.05,875.95,0
