Date,Open,High,Low,Close,Volume
12/31/2008,873.5,884.4,856.6,881.7,0
12/30/2008,880.35,884,864.75,873.5,0
12/29/2008,871.35,890.49,871,879.4,0
12/26/2008,842.21,872.95,841.78,869.15,0
12/24/2008,840.31,849.02,835.31,848.08,0
12/23/2008,847.8,849.1,829.8,840.25,0
12/22/2008,838.55,851.91,836.98,848.28,0
12/19/2008,852.06,853.87,829.99,838.29,0
12/18/2008,867.84,878.48,849.2,853.33,0
12/17/2008,857.9,882.25,846.55,868.65,0
12/16/2008,838.19,859.75,830.23,858.06,0
12/15/2008,824.13,842.94,821.8,839.39,0
12/12/2008,821.36,829.17,807.87,822.06,0
12/11/2008,810.47,834.94,802.76,820.23,0
12/10/2008,776.81,813.9,773.84,810.61,0
12/09/2008,772.83,780.45,762.95,776.89,0
12/08/2008,755.22,782.3,754.62,772,0
12/05/2008,767.04,772.66,741.59,755.92,0
12/04/2008,773.95,785.1,763,766.95,0
12/03/2008,782.4,783.35,764.96,773.84,0
12/02/2008,769,786.67,762.57,783.35,0
12/01/2008,818.58,818.58,769.05,770.15,0
11/28/2008,816.19,820.68,810.11,817.94,0
11/27/2008,812.83,817.63,810.5,815.8,0
11/26/2008,821.03,823.38,809.08,812.91,0
11/25/2008,821.4,830.82,803.09,821.58,0
11/24/2008,799.4,829.25,786.66,821.75,0
11/21/2008,744.97,801.99,742.82,800.52,0
11/20/2008,734.7,752.8,733.37,744.94,0
11/19/2008,738.25,762.44,731.88,734.16,0
11/18/2008,738.08,746.58,731.79,738.2,0
11/17/2008,739.92,749.57,731.37,737.62,0
11/14/2008,736.5,754.65,725.45,742.2,0
11/13/2008,712.03,739.85,700.02,736.12,0
11/12/2008,731.88,739.13,709.5,712.41,0
11/11/2008,746.16,750.58,727.66,731.89,0
11/10/2008,737.62,768.22,737.62,747.04,0
11/07/2008,732.69,745,726.48,737.01,0
11/06/2008,740.44,760.28,729.99,733.68,0
11/05/2008,763.35,769.99,736.98,740.73,0
11/04/2008,723.48,768.67,722.89,763.39,0
11/03/2008,726.5,739.28,722.25,723.92,0
10/31/2008,738.61,742.08,717.65,722.3,0
10/30/2008,755.45,778.16,733.12,739.62,0
10/29/2008,747.74,774.76,738.06,754.12,0
10/28/2008,730.87,756.39,725.33,746.61,0
10/27/2008,735.91,747.35,707.16,731.77,0
10/24/2008,723.07,746.86,682.75,735.39,0
10/23/2008,730.2,735.05,698.35,721.7,0
10/22/2008,775.14,777.42,720.79,728.85,0
10/21/2008,796.95,803.55,765.95,772.5,0
10/20/2008,783.05,809.88,782.64,796.77,0
10/17/2008,804.94,814.8,773.93,783.14,0
10/16/2008,847.28,850.33,786.67,804.62,0
10/15/2008,836.61,856.49,831.8,848.28,0
10/14/2008,832.41,854.35,831.42,835.76,0
10/13/2008,852.57,872.23,823.22,832.96,0
10/10/2008,912.9,932.11,827.79,848.48,0
10/09/2008,907.36,924.66,882.64,916.25,0
10/08/2008,887.43,921.13,877.87,907.07,0
10/07/2008,859.4,891.2,856.6,884.9,0
10/06/2008,833.24,875.46,826.34,860.36,0
10/03/2008,836.4,847.35,820,835.8,0
10/02/2008,870.51,876.09,831.58,836.81,0
10/01/2008,870.72,893.58,865.24,871.31,0
09/30/2008,909.25,914.65,860.7,870.85,0
09/29/2008,872,925.52,867.86,906.81,0
09/26/2008,877.59,911.17,867.21,878.77,0
09/25/2008,883.1,895.25,865.55,877.65,0
09/24/2008,891.96,901.68,878.31,882.91,0
09/23/2008,897.2,909.44,880.96,891.9,0
09/22/2008,874.4,908.66,862.56,899.25,0
09/19/2008,847.8,877.59,825.14,873.44,0
09/18/2008,863.9,910.45,840.4,852.7,0
09/17/2008,780.07,868.43,774.26,863.81,0
09/16/2008,786.5,790.2,772.04,779.48,0
09/15/2008,764.56,787.95,764.54,786.27,0
09/12/2008,746.86,767.07,746.4,766.19,0
09/11/2008,752.2,757.95,736.55,746.2,0
09/10/2008,777.37,784.22,751.3,751.54,0
09/09/2008,802.4,805.1,775.95,777,0
09/08/2008,810,818.26,797.07,802.26,0
09/05/2008,796.45,819.9,790.86,803.4,0
09/04/2008,801.1,814.95,794.14,796.11,0
09/03/2008,805.32,808.54,789.6,800.95,0
09/02/2008,817.63,820.04,791.09,805.67,0
09/01/2008,835.86,836.33,816.16,817.18,0
08/29/2008,834.06,838.78,829.62,831.18,0
08/28/2008,826.67,844.31,825.36,834.03,0
08/27/2008,824.79,835.22,821.86,826.88,0
08/26/2008,822.02,830.1,807.46,825.2,0
08/25/2008,823.02,826.27,817.28,821.78,0
08/22/2008,836.94,838.12,821.76,822.77,0
08/21/2008,813.8,838.91,811.6,837.11,0
08/20/2008,814.35,818.35,800.79,814.22,0
08/19/2008,800.15,816.42,783.3,813.7,0
08/18/2008,790.71,804.46,789.98,799.32,0
08/15/2008,806.81,807.66,772.73,787.33,0
08/14/2008,826.65,836.61,805.28,806.37,0
08/13/2008,811.98,829.98,805.47,826.55,0
08/12/2008,824.01,827.11,802.26,813.85,0
08/11/2008,856.48,865.63,818.26,823.41,0
08/08/2008,873.25,874.36,851.54,857.57,0
08/07/2008,879.85,885.1,868.05,873.35,0
08/06/2008,874.36,886.49,873.37,879.66,0
08/05/2008,894.15,896.1,873.15,874.35,0
08/04/2008,910.3,915.55,894,894.9,0
08/01/2008,913.4,917,902,910.6,0
07/31/2008,906.48,925.43,906.05,913.84,0
07/30/2008,919.25,919.54,893.55,906.3,0
07/29/2008,930.37,933.12,907.85,918.88,0
07/28/2008,928.9,932.9,922.3,930.88,0
07/25/2008,927.3,935.1,918.3,929.8,0
07/24/2008,921.14,931.2,915.8,928.1,0
07/23/2008,946.71,949.05,917.75,920.95,0
07/22/2008,965.5,976.2,943.55,946.33,0
07/21/2008,955.7,968.4,955.7,965.8,0
07/18/2008,956.38,964.54,949.55,955.1,0
07/17/2008,960.9,966.38,960.2,963.8,0
07/16/2008,977.1,981.3,957.35,959.93,0
07/15/2008,972.32,988.5,967.7,977.3,0
07/14/2008,963.75,975.25,953.35,972.71,0
07/11/2008,947.05,968,941.4,964.1,0
07/10/2008,927.8,947.74,925.15,947.4,0
07/09/2008,920.55,928.9,915.6,928.5,0
07/08/2008,926.3,933.6,912.05,919.8,0
07/07/2008,932.52,932.52,914.5,926.1,0
07/04/2008,934.95,936.29,928.85,934.2,0
07/03/2008,944.98,946.6,926.05,934.31,0
07/02/2008,939.54,945.7,931.3,945.3,0
07/01/2008,924.75,946,921.6,939.9,0
06/30/2008,929,935.28,917.9,925.6,0
06/27/2008,917.14,930.95,910.47,927.87,0
06/26/2008,886.64,918.18,884.99,917.25,0
06/25/2008,889.56,891.05,873.89,886.12,0
06/24/2008,883.95,894.2,883.3,889.4,0
06/23/2008,902.43,907.39,877.49,883.9,0
06/20/2008,898.44,907.8,896.33,902.28,0
06/19/2008,893.95,908.3,887.25,897.7,0
06/18/2008,882.6,895.84,880.83,894.44,0
06/17/2008,882.25,889.02,874.43,883.37,0
06/16/2008,869.91,895.19,866.87,882.6,0
06/13/2008,868.39,874.41,859.99,870.22,0
06/12/2008,880.4,882.55,857.85,868.08,0
06/11/2008,867.15,883.17,866.66,880.41,0
06/10/2008,892.99,894.84,864.87,866.52,0
06/09/2008,902.86,909.17,891.27,893.15,0
06/06/2008,877.05,902.36,877.05,902.02,0
06/05/2008,879.49,879.95,865.2,877.02,0
06/04/2008,880.88,886.74,876.4,879.29,0
06/03/2008,890.7,896.95,875.75,880.1,0
06/02/2008,887.42,897.44,881.73,891.31,0
05/30/2008,878.12,889.09,871.57,886.48,0
05/29/2008,900.81,903.47,873.63,878.39,0
05/28/2008,905.37,909.9,889.59,901.75,0
05/27/2008,928.85,931.3,904.3,906.15,0
05/26/2008,925.42,929.28,923.8,929.06,0
05/23/2008,921.43,928.78,915.32,924.86,0
05/22/2008,932.45,935.5,917.65,921.85,0
05/21/2008,919.3,932.54,916.98,932.42,0
05/20/2008,905.11,923.69,902.81,919.27,0
05/19/2008,904.02,913.92,901.31,905.23,0
05/16/2008,881.83,904.84,880.5,902.09,0
05/15/2008,864.2,887.55,862.06,881.85,0
05/14/2008,866.86,871.03,860.65,864.26,0
05/13/2008,882.54,886,861.44,867,0
05/12/2008,884.3,889.9,877.95,882.7,0
05/09/2008,881.8,889.94,871.18,884.78,0
05/08/2008,868.83,885.89,865.72,882.19,0
05/07/2008,876.41,881.32,864.34,868.95,0
05/06/2008,874.19,883.22,871.69,876.69,0
05/05/2008,855.15,874.76,855.11,874.33,0
05/02/2008,852.8,859.33,846.27,856.48,0
05/01/2008,877.56,881.8,847.77,852.91,0
04/30/2008,870.65,879.05,862.7,877.9,0
04/29/2008,893.13,894.06,869.85,870,0
04/28/2008,888.45,895.94,886.73,892.39,0
04/25/2008,886.34,896.75,878.31,886.26,0
04/24/2008,903.74,906.74,883.72,886.98,0
04/23/2008,915.85,922.81,897.64,904.5,0
04/22/2008,914.3,925.64,911.88,914.16,0
04/21/2008,918.53,928.8,911.87,916.81,0
04/18/2008,938.7,946.6,905.85,917.15,0
04/17/2008,944.64,952.76,937.81,938.54,0
04/16/2008,928.23,949,924.7,944.86,0
04/15/2008,924.16,936.4,923.42,928.54,0
04/14/2008,919.48,931.47,914.54,924.5,0
04/11/2008,929.3,932.35,918.44,925.58,0
04/10/2008,933.8,939.79,922.68,928.83,0
04/09/2008,914.92,935.97,903.16,933.96,0
04/08/2008,920.18,926.02,908.59,915.22,0
04/07/2008,914.61,929.62,911.2,921.28,0
04/04/2008,903.01,914.62,900.85,913.78,0
04/03/2008,904.52,908.92,890.18,903.26,0
04/02/2008,882.78,905.74,881.97,905.29,0
04/01/2008,916.4,920.8,874.3,882.5,0
03/31/2008,931.76,940.8,913.01,916.95,0
03/28/2008,947.1,950.9,924,931.2,0
03/27/2008,954.32,954.97,940.61,947.14,0
03/26/2008,938.59,954.37,934.71,954.24,0
03/25/2008,915.11,938.74,911.71,938.74,0
03/24/2008,915.48,926.96,906.85,915.16,0
03/21/2008,910.1,947.5,909.7,919.2,0
03/20/2008,944.2,944.93,905.49,911.26,0
03/19/2008,982.06,997.76,938.06,944.24,0
03/18/2008,1002.35,1012.55,977.08,981.66,0
03/17/2008,1002.6,1032.8,994.1,1003.7,0
03/14/2008,994.62,1007.36,990.98,1002.66,0
03/13/2008,982.56,1000.36,979.52,995.09,0
03/12/2008,973.35,982.8,968.65,982.8,0
03/11/2008,973.13,985.36,965.79,973,0
03/10/2008,973.1,980.72,961.88,972.09,0
03/07/2008,979.06,988.42,970.02,973.14,0
03/06/2008,989.6,992.1,966.15,978.8,0
03/05/2008,964.24,991.66,960.16,988.14,0
03/04/2008,983.78,988.2,957.16,964.12,0
03/03/2008,973.13,989.51,969.79,983.68,0
02/29/2008,971.04,976.29,964.95,974.31,0
02/28/2008,958,972.3,953.4,971,0
02/27/2008,948.1,965,948.09,957.85,0
02/26/2008,939.63,950.56,927.35,948.15,0
02/25/2008,946,952.1,933.35,940.25,0
02/22/2008,945.89,949.64,936.22,944.6,0
02/21/2008,944.12,953.98,938.19,945.71,0
02/20/2008,928.09,945.47,915.92,943.74,0
02/19/2008,905.37,930.78,905.37,927.92,0
02/18/2008,902.05,907.6,900.7,905.62,0
02/15/2008,908.24,915.42,898.78,902.44,0
02/14/2008,906.55,913.88,902.02,908.28,0
02/13/2008,906.45,910.05,896.75,906.5,0
02/12/2008,923.3,924.85,903,906.4,0
02/11/2008,921.08,927.3,916.57,923.61,0
02/08/2008,910.58,923.15,907.74,922.89,0
02/07/2008,900.43,911.07,897.52,910.38,0
02/06/2008,888.55,907.24,886.42,900.96,0
02/05/2008,903.35,907.12,885.32,888.3,0
02/04/2008,904.88,913.02,892.26,903.52,0
02/01/2008,925.95,936.73,904.23,905.63,0
01/31/2008,929.45,930.15,919.35,925.3,0
01/30/2008,924.14,936.5,916.37,929.44,0
01/29/2008,928.82,933.29,920.34,923.59,0
01/28/2008,914.16,929.45,911.94,928.41,0
01/25/2008,913.07,923.77,908.09,914.02,0
01/24/2008,890.71,913.21,889.35,912.72,0
01/23/2008,892.62,895.67,878.21,890.88,0
01/22/2008,865.46,894.07,849.74,892.99,0
01/21/2008,884.3,884.4,860.8,864.4,0
01/18/2008,877.93,888.53,870.67,883.19,0
01/17/2008,876.74,890.22,875.3,877.72,0
01/16/2008,888.05,899.8,874.85,877.85,0
01/15/2008,904.52,913.94,887.92,888.78,0
01/14/2008,895.44,914.34,892.42,904.12,0
01/11/2008,893.27,898.01,887.99,895.46,0
01/10/2008,879.12,894.99,866.45,893.12,0
01/09/2008,877.79,891.69,873.06,878.8,0
01/08/2008,857.93,881.18,856.92,878,0
01/07/2008,859.57,865.19,855.57,857.86,0
01/04/2008,864.69,868.25,854.77,859.83,0
01/03/2008,857.48,868.85,853.5,863.64,0
01/02/2008,836.22,860.15,834.95,856.85,0
