Date,Open,High,Low,Close,Volume
12/31/2013,1196.35,1214.21,1182.6,1205.24,0
12/30/2013,1214.2,1215.93,1195.01,1196.1,0
12/27/2013,1210.05,1218.83,1208.87,1213.05,0
12/26/2013,1204.1,1215.74,1201.01,1210.24,0
12/24/2013,1198.45,1205.43,1196.16,1204.32,0
12/23/2013,1202.7,1206.13,1192.7,1198.15,0
12/20/2013,1188.21,1207.37,1186.84,1202.74,0
12/19/2013,1218.03,1226.42,1187.18,1188.1,0
12/18/2013,1230.62,1244.38,1216.15,1218.15,0
12/17/2013,1241.18,1247.95,1227.38,1230.69,0
12/16/2013,1238.25,1251.86,1227.71,1241.08,0
12/13/2013,1225.05,1238.52,1220.65,1237.55,0
12/12/2013,1252,1256.86,1224.04,1225.07,0
12/11/2013,1262.11,1263.22,1250.94,1251.95,0
12/10/2013,1239.97,1267.71,1237.85,1261.91,0
12/09/2013,1230.04,1243,1225.24,1239.94,0
12/06/2013,1224.85,1243.69,1212.87,1227.54,0
12/05/2013,1243.3,1243.4,1217.1,1224.87,0
12/04/2013,1223.27,1251.31,1211.66,1243.29,0
12/03/2013,1221.2,1226.01,1215.4,1223.02,0
12/02/2013,1251.14,1251.14,1217.73,1219.47,0
11/29/2013,1243.79,1254.64,1240.72,1251.2,0
11/28/2013,1237.39,1245.6,1234.75,1243.81,0
11/27/2013,1242.6,1254.51,1236.18,1237.45,0
11/26/2013,1251.2,1257.67,1239.59,1242.47,0
11/25/2013,1242.01,1253.29,1227.67,1251.47,0
11/22/2013,1242.88,1248.78,1241.15,1242.87,0
11/21/2013,1243.87,1250.1,1236.77,1242.74,0
11/20/2013,1275.45,1276.22,1240.96,1243.83,0
11/19/2013,1274.95,1278.68,1269.16,1275.21,0
11/18/2013,1288.1,1289.36,1270.05,1274.84,0
11/15/2013,1286.93,1290.97,1280.33,1289.53,0
11/14/2013,1281.35,1294.16,1278.22,1286.96,0
11/13/2013,1267.73,1284.1,1264.09,1281.32,0
11/12/2013,1282.4,1285.18,1261.4,1267.71,0
11/11/2013,1287.99,1288.51,1279.14,1282.69,0
11/08/2013,1307.35,1313.48,1281.04,1287.92,0
11/07/2013,1317.55,1325.98,1297.11,1307.28,0
11/06/2013,1311.66,1321.98,1309.03,1317.56,0
11/05/2013,1314.22,1319.44,1305.85,1311.41,0
11/04/2013,1314.94,1322.26,1311.32,1314.4,0
11/01/2013,1322.8,1327.32,1306.08,1315.74,0
10/31/2013,1344.37,1344.37,1319.11,1322.75,0
10/30/2013,1344.7,1359.41,1334.68,1344.23,0
10/29/2013,1352.2,1360.3,1340.43,1344.7,0
10/28/2013,1351,1361.61,1346.28,1352.25,0
10/25/2013,1346.35,1355.55,1336.61,1348.2,0
10/24/2013,1333.15,1351.85,1330.22,1346.4,0
10/23/2013,1339.66,1342.08,1329.55,1333.08,0
10/22/2013,1315.43,1344.66,1310.14,1339.78,0
10/21/2013,1315.76,1323.98,1313.05,1315.66,0
10/18/2013,1318.23,1326.09,1311.73,1315.91,0
10/17/2013,1282.05,1324.19,1274.42,1319.97,0
10/16/2013,1281.98,1287.38,1269.3,1281.97,0
10/15/2013,1271.82,1287.59,1251.71,1281.9,0
10/14/2013,1270.78,1289.65,1268.59,1271.95,0
10/11/2013,1287.09,1294.35,1262.8,1271.81,0
10/10/2013,1305.33,1311.55,1282.4,1287.15,0
10/09/2013,1318.59,1321.49,1294.74,1305.3,0
10/08/2013,1322.6,1329.67,1315.9,1318.74,0
10/07/2013,1311.2,1328.31,1308.5,1322.68,0
10/04/2013,1316.09,1324.7,1305.92,1310.61,0
10/03/2013,1315.59,1321.63,1302.06,1316.49,0
10/02/2013,1289.6,1323.58,1277.67,1315.67,0
10/01/2013,1328.6,1337.29,1282.48,1287.41,0
09/30/2013,1341.5,1351.04,1322.89,1328.6,0
09/27/2013,1323.75,1343.73,1319.74,1336.1,0
09/26/2013,1334.26,1339.16,1318.91,1323.7,0
09/25/2013,1322.9,1337.97,1316.47,1334.04,0
09/24/2013,1322.35,1329.11,1305.76,1322.94,0
09/23/2013,1325.2,1331.57,1313.75,1322.27,0
09/20/2013,1365.71,1368.16,1324.69,1325.53,0
09/19/2013,1362.41,1375,1358.56,1365.9,0
09/18/2013,1310.15,1367.32,1291.68,1363.48,0
09/17/2013,1312.8,1323.43,1306.1,1310.18,0
09/16/2013,1323.5,1334.46,1303.14,1312.47,0
09/13/2013,1322.72,1330.74,1304.92,1326.16,0
09/12/2013,1365.05,1365.97,1320.53,1321.19,0
09/11/2013,1363.4,1368.29,1356.78,1365.08,0
09/10/2013,1386.65,1390.75,1357.84,1363.49,0
09/09/2013,1390.42,1393.85,1382.05,1386.56,0
09/06/2013,1366.87,1393.07,1360.16,1391.17,0
09/05/2013,1391.25,1399.45,1365.14,1367.18,0
09/04/2013,1411.95,1414.85,1384.8,1391.27,0
09/03/2013,1392.2,1416.2,1384.4,1411.99,0
09/02/2013,1394.58,1398.09,1373.74,1392.2,0
08/30/2013,1407.15,1411.01,1388.15,1392.69,0
08/29/2013,1417.11,1418.03,1402.64,1407.47,0
08/28/2013,1414.8,1433.49,1413.4,1417.23,0
08/27/2013,1404.31,1423.6,1395.62,1414.76,0
08/26/2013,1398.28,1406.6,1389.67,1404.37,0
08/23/2013,1375.8,1399.89,1368.69,1391.15,0
08/22/2013,1366.51,1381.54,1355.18,1375.72,0
08/21/2013,1370.86,1378.44,1359.78,1366.38,0
08/20/2013,1365.69,1377.39,1352.29,1370.9,0
08/19/2013,1375.9,1384.31,1362.44,1365.62,0
08/16/2013,1366.09,1379.52,1357.9,1376.21,0
08/15/2013,1335.6,1369.72,1318.96,1365.92,0
08/14/2013,1321.3,1336.18,1316.02,1335.72,0
08/13/2013,1337.51,1341.15,1318.84,1321.26,0
08/12/2013,1313.8,1343.48,1313.8,1337.95,0
08/09/2013,1312.09,1317.03,1305.19,1314.27,0
08/08/2013,1287.58,1313.95,1282.93,1312.91,0
08/07/2013,1282.56,1289.31,1272.9,1287.08,0
08/06/2013,1302.6,1306.84,1279.31,1282.8,0
08/05/2013,1311.25,1320.44,1297.49,1302.75,0
08/02/2013,1310.05,1318.19,1283.19,1312.2,0
08/01/2013,1324.47,1330.86,1307.73,1309.99,0
07/31/2013,1325.98,1338.59,1306.22,1324.85,0
07/30/2013,1327.81,1329.96,1318.23,1326.02,0
07/29/2013,1332.65,1338.02,1322.86,1327.98,0
07/26/2013,1333.4,1340.42,1312.59,1333.18,0
07/25/2013,1321.74,1337.65,1308.92,1333.34,0
07/24/2013,1345.2,1347.17,1313.14,1321.79,0
07/23/2013,1336.5,1346.6,1326.73,1344.99,0
07/22/2013,1295.58,1339.28,1295.58,1335.47,0
07/19/2013,1283.71,1297.67,1282.29,1295.79,0
07/18/2013,1275.02,1288.46,1273.83,1283.94,0
07/17/2013,1291.89,1299.59,1270.2,1275.7,0
07/16/2013,1284.3,1295.36,1277.12,1291.75,0
07/15/2013,1284.6,1294.42,1274.49,1284.34,0
07/12/2013,1284.74,1288.47,1267.81,1284.83,0
07/11/2013,1259.83,1298.65,1257.65,1285.69,0
07/10/2013,1251.2,1265.58,1243.96,1259.46,0
07/09/2013,1236.45,1260.19,1233.53,1251.04,0
07/08/2013,1221.81,1238.38,1215.66,1236.73,0
07/05/2013,1249.88,1250.44,1208.2,1222.93,0
07/04/2013,1252.45,1257.63,1244.85,1249.88,0
07/03/2013,1243.31,1259.86,1236.7,1252.6,0
07/02/2013,1252.15,1267.21,1239.51,1243.23,0
07/01/2013,1232.8,1261.28,1225.23,1252.05,0
06/28/2013,1200,1235.06,1180.64,1234.23,0
06/27/2013,1228.8,1244.54,1197.34,1200.35,0
06/26/2013,1277.45,1277.82,1221.98,1226.33,0
06/25/2013,1282.25,1289.3,1271.65,1277.44,0
06/24/2013,1294,1301.29,1276.2,1282.14,0
06/21/2013,1280.09,1302.29,1269.37,1292.2,0
06/20/2013,1351.11,1351.28,1276.37,1284.46,0
06/19/2013,1367.32,1375.99,1349.12,1351.14,0
06/18/2013,1385.28,1385.81,1361.01,1367.32,0
06/17/2013,1390.4,1391.8,1380.65,1385,0
06/14/2013,1385.78,1392.14,1378.24,1390.51,0
06/13/2013,1388.71,1394.73,1374.55,1385.86,0
06/12/2013,1378.21,1394.33,1373.97,1388.74,0
06/11/2013,1386.23,1387.35,1366.35,1378.04,0
06/10/2013,1382.8,1388.85,1375.97,1386.21,0
06/07/2013,1413.71,1417.68,1377.82,1383.25,0
06/06/2013,1403.3,1423.62,1391.7,1413.66,0
06/05/2013,1399.12,1410.21,1395.71,1403.12,0
06/04/2013,1411.1,1414.89,1389.18,1399.17,0
06/03/2013,1387.74,1416.71,1387.71,1410.89,0
05/31/2013,1413.93,1421.68,1384.65,1387.63,0
05/30/2013,1392.45,1417.79,1388.86,1413.78,0
05/29/2013,1380.98,1395.03,1380.1,1392.48,0
05/28/2013,1394.55,1401.16,1373.71,1380.94,0
05/27/2013,1383.6,1396.43,1383.6,1394.56,0
05/24/2013,1390.79,1398.02,1382.32,1386.4,0
05/23/2013,1369.92,1397.57,1356.77,1390.73,0
05/22/2013,1375.72,1412.87,1354.84,1369.68,0
05/21/2013,1392.92,1401.24,1359.72,1376.03,0
05/20/2013,1359.63,1398.96,1338.62,1393.55,0
05/17/2013,1385.56,1392.77,1355.3,1359.9,0
05/16/2013,1392.6,1397.97,1369.89,1385.84,0
05/15/2013,1425.16,1430.54,1389.44,1392.6,0
05/14/2013,1430.3,1445.08,1421.5,1425.1,0
05/13/2013,1443.9,1448.37,1426.3,1430.4,0
05/10/2013,1457.7,1462.06,1419.81,1448.01,0
05/09/2013,1473.68,1475.51,1453.5,1457.77,0
05/08/2013,1452.18,1476.24,1447.59,1473.7,0
05/07/2013,1469.1,1470.52,1441.33,1452.22,0
05/06/2013,1470.3,1478.78,1464.65,1468.99,0
05/03/2013,1466.6,1487.75,1456.47,1470.37,0
05/02/2013,1457.27,1473.42,1448.79,1466.67,0
05/01/2013,1476.29,1477.76,1440.38,1457.3,0
04/30/2013,1475.5,1479.54,1461.09,1476.33,0
04/29/2013,1460.75,1478.38,1452.82,1475.42,0
04/26/2013,1466.59,1485.05,1448.39,1460.04,0
04/25/2013,1431.4,1468.81,1426.98,1467.55,0
04/24/2013,1412.8,1433.33,1412.18,1431.43,0
04/23/2013,1425.96,1432.07,1404.99,1412.78,0
04/22/2013,1406.93,1438.58,1403.76,1426.04,0
04/19/2013,1390.08,1424.72,1385.84,1404.28,0
04/18/2013,1375.93,1401.77,1337.98,1389.99,0
04/17/2013,1366.9,1394.84,1364.94,1375.94,0
04/16/2013,1350.29,1402.69,1321.54,1367.06,0
04/15/2013,1478.91,1495.4,1337.1,1347.41,0
04/12/2013,1561.15,1564.54,1481.51,1481.79,0
04/11/2013,1558.08,1568.05,1553.38,1561.09,0
04/10/2013,1585.23,1588.41,1555.79,1558.23,0
04/09/2013,1573.23,1590.23,1570.33,1585.25,0
04/08/2013,1580.65,1582.78,1566.16,1573.24,0
04/05/2013,1554.38,1581.04,1549.26,1577.15,0
04/04/2013,1557.6,1559.48,1540.09,1554.33,0
04/03/2013,1575.62,1577.1,1549.95,1557.56,0
04/02/2013,1599.39,1603.72,1573.79,1575.67,0
04/01/2013,1587.65,1600.91,1587.65,1599.33,0
03/29/2013,1596.54,1599.14,1578.08,1596.15,0
03/28/2013,1605.02,1607.53,1593.91,1596.78,0
03/27/2013,1599.77,1608.14,1591.3,1604.98,0
03/26/2013,1604.94,1606,1594.73,1599.8,0
03/25/2013,1603.3,1613.43,1589.83,1604.91,0
03/22/2013,1614.37,1615.96,1603.6,1608.63,0
03/21/2013,1606.83,1616.47,1604.41,1614.41,0
03/20/2013,1612.45,1614.7,1602.5,1606.67,0
03/19/2013,1605.15,1615.39,1600.07,1612.49,0
03/18/2013,1592.05,1610.95,1591.66,1605.25,0
03/15/2013,1589.82,1598.64,1588.53,1591.82,0
03/14/2013,1587.48,1593.23,1577.08,1589.84,0
03/13/2013,1592.45,1599.03,1585.57,1587.45,0
03/12/2013,1581.5,1598.07,1579.98,1592.64,0
03/11/2013,1578.59,1583.07,1575.37,1581.42,0
03/08/2013,1578.53,1583.43,1561.71,1578.61,0
03/07/2013,1583.4,1585.37,1574.94,1578.62,0
03/06/2013,1575.18,1584.73,1567.48,1583.56,0
03/05/2013,1573.67,1586.36,1571.94,1575.19,0
03/04/2013,1575.36,1584.76,1569.4,1573.69,0
03/01/2013,1579.6,1587.03,1564.86,1576.24,0
02/28/2013,1597.09,1602.76,1574.94,1579.46,0
02/27/2013,1613.38,1614.65,1592.46,1597.02,0
02/26/2013,1593.08,1619.62,1584.63,1613.58,0
02/25/2013,1580.55,1596.8,1575.14,1593.17,0
02/22/2013,1575.85,1587.01,1570.35,1581.04,0
02/21/2013,1564.93,1584.62,1555.06,1575.98,0
02/20/2013,1604.82,1609.29,1558.9,1564.33,0
02/19/2013,1609.05,1615.03,1600.72,1604.86,0
02/18/2013,1609.36,1618.69,1596.69,1609.07,0
02/15/2013,1634.59,1635.91,1598.15,1609.79,0
02/14/2013,1642.23,1649.66,1632.8,1634.52,0
02/13/2013,1651.07,1653.34,1640.4,1642.24,0
02/12/2013,1647.76,1653.09,1639.11,1651.02,0
02/11/2013,1666.56,1669.48,1643.9,1647.85,0
02/08/2013,1671.25,1673.49,1665.23,1667.03,0
02/07/2013,1677.39,1683,1663.39,1671.25,0
02/06/2013,1672.73,1679.51,1668.26,1677.39,0
02/05/2013,1674.07,1684.6,1666.74,1672.68,0
02/04/2013,1666.48,1677.37,1661.85,1674.06,0
02/01/2013,1663.46,1681.78,1660.04,1667,0
01/31/2013,1676.7,1680.63,1657.9,1663.49,0
01/30/2013,1663.55,1683.43,1662.77,1676.68,0
01/29/2013,1655.48,1665.85,1654.48,1663.58,0
01/28/2013,1659,1662.27,1652.06,1655.47,0
01/25/2013,1667.65,1672.17,1656.03,1658.29,0
01/24/2013,1685.98,1686.07,1665.16,1667.78,0
01/23/2013,1692.51,1694.92,1683.84,1685.69,0
01/22/2013,1690.01,1695.99,1686.78,1692.37,0
01/21/2013,1684.3,1691.22,1684.23,1690,0
01/18/2013,1687.46,1694.91,1683.47,1684.13,0
01/17/2013,1679.71,1695.86,1667.16,1687.41,0
01/16/2013,1679.05,1684.7,1673.71,1679.75,0
01/15/2013,1667.44,1685.02,1666.37,1679.16,0
01/14/2013,1662.15,1674.68,1658.99,1667.47,0
01/11/2013,1675.1,1676.67,1653.64,1662.49,0
01/10/2013,1657.54,1678.67,1653.82,1674.91,0
01/09/2013,1658.98,1665.66,1651.42,1657.51,0
01/08/2013,1646.73,1662.42,1646.37,1658.94,0
01/07/2013,1655.07,1662.28,1643.08,1646.74,0
01/04/2013,1663.4,1663.99,1625.8,1655.56,0
01/03/2013,1686.55,1689.88,1660.81,1663.63,0
01/02/2013,1673.59,1694.71,1670.27,1686.54,0
01/01/2013,1674.99,1675.17,1673.59,1673.62,0
