Date,Open,High,Low,Close,Volume
07/16/2008,3085,3109,3082,3109,12
07/15/2008,3075,3075,3043,3043,12
07/14/2008,3000,3005,3000,3005,2
07/11/2008,2983,2983,2983,2983,15
07/10/2008,3005,3012,2982,2982,8
07/09/2008,3014,3014,2966,2966,1
07/08/2008,2980,3000,2980,3000,2
07/07/2008,3014,3014,2950,2950,7
07/03/2008,3354,3354,3204,3230,25
07/02/2008,3340,3340,3333,3333,5
07/01/2008,3260,3385,3260,3360,33
06/30/2008,3280,3280,3243,3245,13
06/27/2008,3250,3280,3250,3275,12
06/26/2008,3249,3270,3200,3237,11
06/25/2008,3205,3230,3180,3200,47
06/24/2008,3229,3245,3228,3230,24
06/23/2008,3210,3227,3190,3191,65
06/20/2008,3131,3215,3131,3204,24
06/19/2008,3122,3176,3095,3163,43
06/18/2008,3030,3143,3030,3068,816
06/17/2008,3000,3025,2943,2998,1161
06/16/2008,2990,3013,2982,3003,6805
06/13/2008,2963,2997,2961,2973,10713
06/12/2008,2935,2988,2902,2971,10976
06/11/2008,2877,2939,2856,2917,12885
06/10/2008,2871,2902,2840,2858,16077
06/09/2008,2844,2885,2839,2870,11877
06/06/2008,2794,2906,2779,2878,15520
06/05/2008,2798,2813,2738,2792,12562
06/04/2008,2795,2811,2776,2796,6630
06/03/2008,2781,2814,2719,2807,11212
06/02/2008,2742,2795,2733,2790,8892
05/30/2008,2723,2769,2703,2723,13250
05/29/2008,2626,2744,2616,2730,12901
05/28/2008,2592,2626,2555,2622,7949
05/27/2008,2589,2625,2577,2590,5578
05/23/2008,2574,2595,2564,2577,4487
05/22/2008,2590,2640,2554,2574,11788
05/21/2008,2603,2612,2539,2586,14913
05/20/2008,2600,2626,2576,2603,10094
05/19/2008,2666,2705,2575,2611,11075
05/16/2008,2622,2682,2606,2676,6595
05/15/2008,2636,2655,2605,2629,2779
05/14/2008,2613,2696,2592,2649,10426
05/13/2008,2751,2755,2593,2624,10613
05/12/2008,2740,2759,2714,2751,6866
05/09/2008,2705,2758,2705,2741,6293
05/08/2008,2672,2724,2633,2709,7289
05/07/2008,2756,2770,2625,2682,6950
05/06/2008,2632,2785,2621,2726,11445
05/05/2008,2591,2635,2583,2631,4126
05/02/2008,2617,2630,2555,2621,10274
05/01/2008,2789,2797,2590,2617,16928
04/30/2008,2750,2791,2735,2776,6596
04/29/2008,2779,2799,2733,2775,5552
04/28/2008,2770,2824,2758,2799,5624
04/25/2008,2790,2799,2725,2788,5971
04/24/2008,2780,2806,2738,2799,6700
04/23/2008,2750,2800,2724,2780,6568
04/22/2008,2676,2761,2675,2751,6120
04/21/2008,2661,2739,2644,2670,4577
04/18/2008,2755,2755,2535,2665,7885
04/17/2008,2650,2753,2649,2741,8410
04/16/2008,2589,2663,2589,2641,9112
04/15/2008,2560,2601,2560,2589,8583
04/14/2008,2553,2572,2538,2560,6334
04/11/2008,2506,2565,2500,2560,8720
04/10/2008,2407,2550,2407,2491,14988
04/09/2008,2325,2431,2319,2404,13642
04/08/2008,2356,2366,2313,2325,7075
04/07/2008,2278,2380,2278,2351,8180
04/04/2008,2296,2329,2271,2299,4974
04/03/2008,2282,2362,2260,2281,9041
04/02/2008,2312,2332,2251,2262,6228
04/01/2008,2333,2358,2292,2313,5918
03/31/2008,2388,2394,2328,2349,2756
03/28/2008,2470,2470,2381,2390,3378
03/27/2008,2430,2473,2311,2456,2469
03/26/2008,2420,2481,2390,2445,2248
03/25/2008,2325,2430,2308,2419,2451
03/24/2008,2330,2431,2271,2285,2459
03/20/2008,2450,2455,2276,2317,4942
03/19/2008,2680,2770,2443,2549,4274
03/18/2008,2698,2707,2600,2619,3500
03/17/2008,2920,2947,2635,2741,3884
03/14/2008,2945,2983,2873,2915,2895
03/13/2008,2820,2952,2811,2932,4243
03/12/2008,2805,2836,2765,2785,1671
03/11/2008,2748,2808,2738,2791,1121
03/10/2008,2720,2744,2676,2726,1007
03/07/2008,2726,2763,2691,2751,1333
03/06/2008,2793,2859,2705,2759,2784
03/05/2008,2756,2799,2722,2791,809
03/04/2008,2775,2854,2740,2765,1122
03/03/2008,2780,2801,2765,2789,939
02/29/2008,2800,2800,2789,2789,1615
02/28/2008,2814,2814,2814,2814,2102
02/27/2008,2734,2743,2732,2743,5855
02/26/2008,2640,2640,2640,2640,770
02/25/2008,2575,2612,2575,2612,1664
02/22/2008,2572,2572,2571,2571,2583
02/21/2008,2462,2488,2462,2488,1319
02/20/2008,2457,2457,2457,2457,2057
02/19/2008,2508,2508,2508,2508,2377
02/15/2008,2526,2526,2526,2526,1260
02/14/2008,2515,2515,2515,2515,1224
02/13/2008,2496,2496,2496,2496,576
02/12/2008,2464,2464,2464,2464,1143
02/11/2008,2426,2426,2426,2426,1553
02/08/2008,2400,2416,2400,2416,783
02/07/2008,2371,2371,2371,2371,711
02/06/2008,2390,2390,2390,2390,1530
02/05/2008,2380,2380,2380,2380,863
02/04/2008,2389,2389,2389,2389,0
