Date,Open,High,Low,Close,Volume
07/16/2009,2664,2666,2647,2647,1
07/15/2009,2705,2705,2690,2690,1
07/14/2009,2700,2700,2700,2700,3
07/13/2009,2634,2636,2634,2636,3
07/10/2009,2620,2625,2620,2625,1
07/09/2009,2541,2619,2541,2619,6
07/08/2009,2470,2509,2470,2509,1
07/07/2009,2493,2493,2442,2442,1
07/06/2009,2448,2448,2448,2448,12
07/02/2009,2461,2477,2460,2477,12
07/01/2009,2477,2477,2477,2477,4
06/30/2009,2498,2498,2487,2487,1
06/29/2009,2552,2552,2525,2525,2
06/26/2009,2475,2538,2475,2525,2
06/25/2009,2443,2526,2421,2526,7
06/24/2009,2523,2540,2477,2486,33
06/23/2009,2456,2474,2455,2474,23
06/22/2009,2481,2481,2453,2453,26
06/19/2009,2530,2536,2500,2505,47
06/18/2009,2530,2552,2520,2538,130
06/17/2009,2585,2585,2499,2514,619
06/16/2009,2604,2650,2604,2623,3310
06/15/2009,2746,2747,2588,2601,2729
06/12/2009,2801,2805,2743,2761,3789
06/11/2009,2758,2823,2758,2813,6490
06/10/2009,2741,2800,2734,2763,6426
06/09/2009,2714,2783,2703,2768,7895
06/08/2009,2704,2726,2672,2699,5724
06/05/2009,2708,2766,2687,2707,7094
06/04/2009,2710,2729,2640,2708,7754
06/03/2009,2667,2752,2615,2734,13830
06/02/2009,2627,2675,2606,2671,7502
06/01/2009,2600,2646,2587,2641,6920
05/29/2009,2587,2646,2575,2588,9865
05/28/2009,2499,2598,2476,2583,8634
05/27/2009,2409,2530,2409,2509,12750
05/26/2009,2414,2421,2380,2414,5151
05/22/2009,2381,2435,2371,2420,6002
05/21/2009,2361,2389,2326,2380,4832
05/20/2009,2323,2377,2292,2361,5056
05/19/2009,2304,2337,2298,2313,5251
05/18/2009,2347,2354,2292,2297,4499
05/15/2009,2312,2349,2303,2338,3279
05/14/2009,2321,2326,2262,2310,7340
05/13/2009,2370,2394,2318,2326,6156
05/12/2009,2449,2495,2350,2377,10115
05/11/2009,2499,2519,2423,2470,6434
05/08/2009,2452,2519,2443,2507,8987
05/07/2009,2377,2469,2361,2462,7862
05/06/2009,2374,2393,2341,2368,4190
05/05/2009,2316,2410,2316,2377,7647
05/04/2009,2312,2329,2302,2320,2774
05/01/2009,2367,2395,2300,2324,10140
04/30/2009,2425,2444,2367,2375,6216
04/29/2009,2408,2429,2376,2403,3701
04/28/2009,2374,2415,2367,2404,4311
04/27/2009,2431,2431,2369,2381,4136
04/24/2009,2455,2472,2442,2451,3636
04/23/2009,2408,2476,2394,2460,5135
04/22/2009,2412,2424,2375,2390,4990
04/21/2009,2380,2440,2380,2429,4756
04/20/2009,2393,2401,2359,2379,3900
04/17/2009,2380,2432,2350,2413,6054
04/16/2009,2450,2452,2371,2381,11573
04/15/2009,2490,2510,2440,2452,8150
04/14/2009,2549,2586,2481,2492,11939
04/13/2009,2568,2600,2533,2577,4237
04/09/2009,2551,2620,2544,2566,9137
04/08/2009,2646,2646,2551,2563,7808
04/07/2009,2570,2688,2523,2677,10360
04/06/2009,2779,2790,2540,2558,8538
04/03/2009,2700,2796,2680,2790,7464
04/02/2009,2621,2720,2621,2700,6400
04/01/2009,2590,2622,2572,2617,3550
03/31/2009,2579,2618,2566,2605,3936
03/30/2009,2590,2590,2545,2579,2382
03/27/2009,2560,2599,2518,2576,6563
03/26/2009,2590,2625,2565,2595,1086
03/25/2009,2606,2614,2545,2588,2814
03/24/2009,2602,2629,2600,2611,1024
03/23/2009,2600,2620,2563,2597,1513
03/20/2009,2594,2598,2555,2587,974
03/19/2009,2500,2598,2481,2594,2292
03/18/2009,2369,2496,2369,2454,1657
03/17/2009,2402,2420,2380,2399,572
03/16/2009,2384,2440,2383,2430,1459
03/13/2009,2390,2444,2374,2383,1887
03/12/2009,2291,2406,2291,2341,4564
03/11/2009,2237,2346,2237,2328,664
03/10/2009,2269,2280,2223,2237,1132
03/09/2009,2240,2267,2213,2258,1247
03/06/2009,2260,2271,2237,2265,1403
03/05/2009,2308,2321,2246,2258,1480
03/04/2009,2287,2343,2262,2329,808
03/03/2009,2212,2280,2212,2272,1349
03/02/2009,2326,2339,2175,2192,3825
02/27/2009,2378,2410,2361,2403,919
02/26/2009,2426,2445,2356,2398,859
02/25/2009,2380,2440,2367,2432,518
02/24/2009,2334,2390,2313,2354,1382
02/23/2009,2438,2438,2329,2356,2181
02/20/2009,2531,2531,2420,2428,1619
02/19/2009,2590,2600,2540,2563,923
02/18/2009,2608,2610,2554,2565,765
02/17/2009,2639,2660,2602,2630,348
02/13/2009,2685,2685,2654,2669,289
02/12/2009,2652,2667,2598,2648,1162
02/11/2009,2701,2714,2650,2683,709
02/10/2009,2775,2808,2692,2700,504
02/09/2009,2842,2912,2770,2825,914
02/06/2009,2806,2842,2765,2832,2185
02/05/2009,2704,2790,2701,2767,2106
02/04/2009,2715,2747,2696,2731,1679
02/03/2009,2704,2761,2704,2742,1697
02/02/2009,2731,2731,2677,2718,0
