Date,Open,High,Low,Close,Volume
07/15/2010,3067,3067,3067,3067,8
07/14/2010,3131,3142,3131,3134,8
07/13/2010,3004,3026,3004,3026,5
07/12/2010,2962,2962,2962,2962,1
07/09/2010,2963,2963,2963,2963,13
07/08/2010,2968,2968,2939,2939,2
07/07/2010,2941,2941,2941,2941,2
07/06/2010,2930,2938,2930,2938,1
07/02/2010,2969,2969,2921,2921,1
07/01/2010,2840,2978,2840,2969,31
06/30/2010,2902,2911,2840,2894,15
06/29/2010,3075,3075,2921,2948,9
06/28/2010,3110,3110,3103,3103,23
06/25/2010,3087,3106,3072,3092,11
06/24/2010,3054,3084,3054,3084,6
06/23/2010,3010,3045,2992,3040,35
06/22/2010,2950,3053,2915,3032,52
06/21/2010,2970,2970,2950,2959,30
06/18/2010,2920,2954,2901,2932,109
06/17/2010,2929,2929,2892,2914,330
06/16/2010,2924,2947,2904,2911,3683
06/15/2010,2953,2966,2905,2933,6288
06/14/2010,2957,2983,2933,2953,3359
06/11/2010,2909,2999,2907,2919,5659
06/10/2010,2970,3004,2890,2919,7763
06/09/2010,2967,2991,2942,2972,8468
06/08/2010,2939,2969,2932,2962,8075
06/07/2010,2911,2956,2903,2927,10094
06/04/2010,3048,3067,2894,2919,15710
06/03/2010,3049,3065,3039,3048,6258
06/02/2010,2976,3050,2972,3042,11454
06/01/2010,2959,3000,2889,2990,7694
05/28/2010,2984,3001,2946,2965,6512
05/27/2010,2920,3018,2899,2973,8326
05/26/2010,2926,2943,2869,2904,10022
05/25/2010,2886,2938,2874,2922,6151
05/24/2010,2881,2919,2855,2915,7275
05/21/2010,2839,2899,2811,2895,10675
05/20/2010,2830,2852,2790,2839,6836
05/19/2010,2807,2842,2791,2830,9356
05/18/2010,2834,2855,2804,2849,10300
05/17/2010,2812,2824,2767,2814,9497
05/14/2010,2908,2912,2806,2812,11829
05/13/2010,2955,2970,2898,2913,9526
05/12/2010,2951,3000,2943,2972,8632
05/11/2010,3077,3080,2936,2951,14922
05/10/2010,3050,3113,3050,3077,10442
05/07/2010,3149,3169,3010,3016,19296
05/06/2010,3210,3224,3150,3203,10558
05/05/2010,3174,3237,3150,3203,9043
05/04/2010,3233,3243,3135,3172,9557
05/03/2010,3223,3245,3203,3233,4401
04/30/2010,3212,3245,3208,3239,8747
04/29/2010,3200,3215,3192,3211,6556
04/28/2010,3194,3220,3176,3193,6780
04/27/2010,3223,3242,3190,3205,6580
04/26/2010,3198,3235,3180,3228,6187
04/23/2010,3139,3211,3120,3198,8521
04/22/2010,3087,3146,3059,3139,11250
04/21/2010,3045,3095,3021,3087,7979
04/20/2010,2965,3060,2958,3044,10708
04/19/2010,2955,2980,2928,2950,6868
04/16/2010,2911,2994,2902,2988,12687
04/15/2010,2898,2905,2842,2890,7490
04/14/2010,2881,2909,2875,2898,8624
04/13/2010,2929,2941,2835,2881,9339
04/12/2010,2877,2943,2867,2930,9671
04/09/2010,2900,2918,2861,2877,8821
04/08/2010,2882,2920,2859,2889,7876
04/07/2010,2923,2930,2874,2882,8022
04/06/2010,3000,3010,2890,2945,6332
04/05/2010,3013,3019,2959,2986,3651
04/01/2010,2994,3033,2974,3023,4672
03/31/2010,3000,3023,2925,3003,3988
03/30/2010,2963,3010,2963,3001,4876
03/29/2010,2883,2961,2883,2955,2169
03/26/2010,2838,2900,2825,2882,2654
03/25/2010,2875,2880,2810,2848,3314
03/24/2010,2902,2909,2833,2861,3473
03/23/2010,2914,2956,2891,2919,2517
03/22/2010,2857,2921,2809,2899,1921
03/19/2010,2910,2929,2831,2861,1845
03/18/2010,2938,2985,2900,2917,2687
03/17/2010,2877,2965,2877,2930,1863
03/16/2010,2863,2914,2772,2875,2937
03/15/2010,2943,2943,2860,2893,1584
03/12/2010,2867,2955,2849,2946,1934
03/11/2010,2872,2885,2861,2878,2455
03/10/2010,2835,2884,2780,2869,2469
03/09/2010,2857,2857,2797,2829,2985
03/08/2010,2870,2889,2850,2861,722
03/05/2010,2861,2912,2843,2890,1140
03/04/2010,2851,2888,2840,2856,1675
03/03/2010,2864,2866,2803,2849,4955
03/02/2010,2882,2888,2837,2856,3557
03/01/2010,2941,2951,2861,2891,1878
02/26/2010,2963,2977,2932,2941,1556
02/25/2010,2982,2982,2931,2949,816
02/24/2010,2973,2995,2933,2993,1182
02/23/2010,3120,3123,2958,2973,1996
02/22/2010,3120,3175,3077,3110,1286
02/19/2010,3100,3143,3091,3133,1023
02/18/2010,3130,3153,3099,3118,1236
02/17/2010,3191,3196,3097,3120,2318
02/16/2010,3171,3190,3153,3187,631
02/12/2010,3141,3156,3078,3128,1297
02/11/2010,3062,3150,3062,3144,1884
02/10/2010,3040,3075,3040,3067,2311
02/09/2010,3081,3081,3046,3066,2062
02/08/2010,3068,3085,3019,3081,1522
02/05/2010,3127,3145,3030,3032,2492
02/04/2010,3199,3199,3125,3155,2566
02/03/2010,3211,3217,3141,3207,1927
02/02/2010,3187,3210,3127,3203,0
