Date,Open,High,Low,Close,Volume
07/16/2012,2197,2197,2197,2197,15
07/13/2012,2210,2210,2210,2210,15
07/12/2012,2184,2184,2184,2184,4
07/11/2012,2305,2306,2286,2286,18
07/10/2012,2300,2300,2300,2300,16
07/09/2012,2312,2312,2312,2312,7
07/06/2012,2245,2245,2245,2245,7
07/05/2012,2330,2344,2318,2318,32
07/03/2012,2330,2344,2330,2344,1
07/02/2012,2277,2290,2260,2282,12
06/29/2012,2274,2291,2274,2289,4
06/28/2012,2237,2239,2209,2226,9
06/27/2012,2147,2226,2147,2226,5
06/26/2012,2124,2149,2102,2149,51
06/25/2012,2093,2103,2087,2087,8
06/22/2012,2131,2131,2087,2094,32
06/21/2012,2162,2200,2130,2130,31
06/20/2012,2217,2228,2156,2167,155
06/19/2012,2180,2235,2180,2230,100
06/18/2012,2219,2240,2163,2174,250
06/15/2012,2240,2250,2203,2219,2390
06/14/2012,2243,2251,2194,2225,9054
06/13/2012,2256,2279,2232,2257,6886
06/12/2012,2185,2282,2185,2249,14306
06/11/2012,2214,2247,2179,2197,10732
06/08/2012,2203,2235,2173,2200,16968
06/07/2012,2200,2250,2190,2226,16882
06/06/2012,2159,2220,2133,2203,24558
06/05/2012,2090,2169,2073,2163,17686
06/04/2012,2060,2100,2026,2094,14939
06/01/2012,2069,2086,2026,2063,13556
05/31/2012,2071,2110,2070,2083,14553
05/30/2012,2105,2105,2047,2070,13700
05/29/2012,2105,2156,2096,2110,12226
05/25/2012,2119,2133,2092,2110,9664
05/24/2012,2108,2128,2094,2105,11470
05/23/2012,2165,2172,2100,2124,18099
05/22/2012,2237,2255,2163,2179,15963
05/21/2012,2270,2275,2225,2238,10349
05/18/2012,2222,2286,2221,2273,9259
05/17/2012,2282,2289,2220,2224,12932
05/16/2012,2239,2299,2227,2292,8198
05/15/2012,2241,2282,2234,2268,8801
05/14/2012,2303,2303,2220,2261,11576
05/11/2012,2319,2330,2291,2319,7020
05/10/2012,2334,2352,2305,2338,8246
05/09/2012,2327,2339,2284,2334,9765
05/08/2012,2338,2350,2288,2326,10367
05/07/2012,2280,2363,2251,2357,9121
05/04/2012,2307,2341,2272,2289,7914
05/03/2012,2335,2360,2272,2307,8831
05/02/2012,2325,2354,2313,2342,12754
05/01/2012,2209,2356,2193,2319,17655
04/30/2012,2309,2333,2146,2219,25476
04/27/2012,2272,2316,2246,2309,11404
04/26/2012,2251,2289,2242,2272,7137
04/25/2012,2284,2305,2231,2251,10697
04/24/2012,2204,2312,2192,2284,17443
04/23/2012,2269,2278,2183,2204,10345
04/20/2012,2218,2279,2200,2269,9416
04/19/2012,2256,2260,2200,2234,10202
04/18/2012,2291,2293,2232,2257,8327
04/17/2012,2226,2292,2218,2281,12166
04/16/2012,2182,2242,2162,2226,11618
04/13/2012,2143,2217,2143,2200,20207
04/12/2012,2111,2154,2060,2143,21102
04/11/2012,2060,2128,2056,2104,19635
04/10/2012,2125,2133,2058,2070,22014
04/09/2012,2108,2127,2082,2118,13809
04/05/2012,2111,2150,2094,2108,15428
04/04/2012,2163,2165,2087,2109,13822
04/03/2012,2209,2215,2163,2169,10592
04/02/2012,2246,2300,2190,2215,14371
03/30/2012,2248,2282,2222,2246,7966
03/29/2012,2321,2322,2220,2250,9413
03/28/2012,2366,2399,2310,2321,4855
03/27/2012,2366,2408,2347,2382,6527
03/26/2012,2331,2371,2318,2358,3632
03/23/2012,2318,2345,2296,2332,6344
03/22/2012,2379,2379,2303,2309,5055
03/21/2012,2399,2435,2354,2380,3804
03/20/2012,2320,2412,2310,2394,4058
03/19/2012,2275,2326,2266,2313,3799
03/16/2012,2248,2295,2196,2280,3707
03/15/2012,2338,2338,2201,2245,5248
03/14/2012,2391,2391,2303,2338,4973
03/13/2012,2400,2406,2355,2391,3780
03/12/2012,2397,2443,2380,2401,2315
03/09/2012,2392,2440,2381,2427,2702
03/08/2012,2303,2418,2296,2413,5269
03/07/2012,2319,2331,2280,2297,2568
03/06/2012,2305,2333,2283,2302,2254
03/05/2012,2343,2355,2294,2302,2109
03/02/2012,2396,2398,2342,2352,2883
03/01/2012,2364,2393,2331,2384,2273
02/29/2012,2394,2394,2321,2354,3508
02/28/2012,2443,2465,2361,2383,2241
02/27/2012,2380,2458,2380,2414,1658
02/24/2012,2360,2415,2352,2374,2112
02/23/2012,2450,2478,2334,2364,3657
02/22/2012,2450,2470,2419,2453,2480
02/21/2012,2382,2462,2371,2441,1423
02/17/2012,2401,2401,2333,2367,3756
02/16/2012,2405,2434,2345,2421,3417
02/15/2012,2335,2420,2296,2405,3006
02/14/2012,2211,2342,2190,2291,2807
02/13/2012,2200,2246,2173,2215,2576
02/10/2012,2276,2276,2168,2185,3661
02/09/2012,2297,2302,2231,2271,6635
02/08/2012,2331,2335,2287,2303,3024
02/07/2012,2320,2325,2285,2315,4922
02/06/2012,2363,2374,2300,2317,3332
02/03/2012,2297,2385,2268,2353,3843
02/02/2012,2288,2309,2274,2282,0
