Date,Open,High,Low,Close,Volume
07/14/2011,3166,3166,3166,3166,4
07/13/2011,3209,3215,3180,3180,4
07/12/2011,3097,3097,3076,3076,3
07/11/2011,3058,3058,3058,3058,1
07/08/2011,3099,3099,3099,3099,1
07/07/2011,3160,3194,3160,3194,1
07/06/2011,3190,3249,3190,3202,5
07/05/2011,3228,3228,3228,3228,9
07/01/2011,3142,3142,3137,3137,9
06/30/2011,3146,3170,3146,3170,5
06/29/2011,3050,3149,3050,3114,114
06/28/2011,2991,3018,2991,3018,4
06/27/2011,3002,3004,2995,2995,3
06/24/2011,3004,3006,2951,2958,47
06/23/2011,3009,3009,2970,2986,13
06/22/2011,3027,3054,3015,3040,123
06/21/2011,2988,3037,2982,3027,49
06/20/2011,2900,2995,2900,2967,163
06/17/2011,2900,2924,2893,2917,30
06/16/2011,2949,2959,2885,2914,3069
06/15/2011,3034,3034,2948,2987,2477
06/14/2011,2999,3066,2999,3014,4419
06/13/2011,3000,3034,2960,3001,5301
06/10/2011,3009,3031,2984,2997,7007
06/09/2011,2933,3067,2933,2980,11103
06/08/2011,2882,2944,2882,2927,11897
06/07/2011,2863,2954,2863,2891,17895
06/06/2011,2865,2905,2857,2863,13876
06/03/2011,2900,2905,2851,2878,12462
06/02/2011,2953,2959,2885,2904,10659
06/01/2011,3000,3007,2941,2953,11161
05/31/2011,2975,3020,2966,2999,10063
05/27/2011,3010,3040,2957,2969,8669
05/26/2011,2982,3062,2964,3010,15639
05/25/2011,2875,2986,2874,2962,10973
05/24/2011,2878,2923,2860,2884,13172
05/23/2011,2888,2906,2861,2865,8452
05/20/2011,2981,2993,2898,2902,15893
05/19/2011,2991,2997,2971,2979,7503
05/18/2011,2983,3024,2976,2995,6746
05/17/2011,3000,3006,2970,2980,9877
05/16/2011,3000,3036,2990,3006,6029
05/13/2011,3044,3066,2990,3002,9104
05/12/2011,3101,3109,2994,3037,16186
05/11/2011,3119,3172,3069,3118,8388
05/10/2011,3082,3126,3071,3105,6743
05/09/2011,3081,3152,3071,3082,9193
05/06/2011,3051,3105,3016,3082,9792
05/05/2011,3176,3177,3050,3055,18783
05/04/2011,3270,3330,3158,3211,18736
05/03/2011,3263,3290,3211,3271,8614
05/02/2011,3335,3339,3243,3291,9661
04/29/2011,3282,3348,3270,3340,13506
04/28/2011,3188,3299,3170,3280,17775
04/27/2011,3093,3200,3073,3168,11463
04/26/2011,3064,3099,3053,3093,5109
04/25/2011,3088,3116,3036,3060,4059
04/21/2011,3070,3120,3060,3088,5354
04/20/2011,3086,3130,3055,3106,5806
04/19/2011,3034,3087,3020,3067,7527
04/18/2011,3157,3175,3026,3057,10889
04/15/2011,3127,3175,3112,3157,5736
04/14/2011,3088,3157,3054,3127,11167
04/13/2011,3076,3095,3049,3070,13039
04/12/2011,3023,3086,3021,3056,10920
04/11/2011,3001,3079,2993,3028,12590
04/08/2011,3001,3018,2947,2985,19023
04/07/2011,3014,3038,2994,3002,11117
04/06/2011,3005,3049,2979,3014,9574
04/05/2011,2990,3010,2945,2993,13884
04/04/2011,3040,3114,3012,3039,11929
04/01/2011,2961,3050,2940,3028,9741
03/31/2011,2994,3019,2948,2966,8263
03/30/2011,3020,3083,2982,2997,11805
03/29/2011,3265,3265,3035,3062,8568
03/28/2011,3210,3275,3208,3251,2858
03/25/2011,3240,3287,3200,3244,3006
03/24/2011,3234,3234,3177,3204,1535
03/23/2011,3261,3289,3228,3252,2640
03/22/2011,3187,3264,3176,3261,2469
03/21/2011,3120,3215,3104,3189,2689
03/18/2011,3310,3329,3100,3131,4042
03/17/2011,3245,3301,3203,3278,2328
03/16/2011,3250,3315,3175,3210,3961
03/15/2011,3321,3321,3184,3246,4795
03/14/2011,3392,3454,3330,3359,2073
03/11/2011,3410,3410,3339,3384,1690
03/10/2011,3460,3460,3300,3411,4780
03/09/2011,3569,3569,3470,3487,2844
03/08/2011,3610,3677,3560,3575,2369
03/07/2011,3590,3636,3550,3603,1228
03/04/2011,3686,3710,3560,3591,1810
03/03/2011,3600,3690,3600,3669,2275
03/02/2011,3582,3630,3535,3609,1664
03/01/2011,3640,3650,3360,3573,2177
02/28/2011,3590,3641,3582,3634,1050
02/25/2011,3573,3593,3535,3573,1472
02/24/2011,3576,3580,3497,3560,1880
02/23/2011,3550,3575,3486,3567,1687
02/22/2011,3450,3541,3450,3522,2804
02/18/2011,3403,3457,3400,3452,1848
02/17/2011,3400,3417,3378,3400,1314
02/16/2011,3376,3400,3334,3387,1034
02/15/2011,3381,3400,3330,3349,798
02/14/2011,3388,3416,3371,3380,870
02/11/2011,3368,3377,3322,3358,913
02/10/2011,3313,3400,3278,3362,2530
02/09/2011,3236,3316,3222,3280,1304
02/08/2011,3240,3272,3215,3256,2755
02/07/2011,3259,3285,3196,3237,3236
02/04/2011,3358,3358,3256,3261,2968
02/03/2011,3370,3370,3343,3356,1722
02/02/2011,3341,3367,3323,3351,0
