Date,Open,High,Low,Close,Volume
07/09/2009,55.1,57.03,55.1,57.03,9
07/08/2009,55.05,55.05,54.71,54.71,9
07/07/2009,56.47,56.47,54.45,55.36,26
07/06/2009,55.41,55.9,55.41,55.9,10
07/02/2009,56.75,56.88,55.63,56.8,24
07/01/2009,54,57,54,56.73,10
06/30/2009,52.95,53.3,52.28,53.3,16
06/29/2009,53.51,53.66,52.86,52.86,33
06/26/2009,53.22,53.22,52.12,52.54,92
06/25/2009,52.29,53.22,52.13,53.02,18
06/24/2009,51.5,52.81,50.34,52.29,287
06/23/2009,50.56,51.57,50.15,51.1,1899
06/22/2009,51.58,51.8,50.15,50.51,3250
06/19/2009,53.83,53.83,51.53,51.56,3386
06/18/2009,52.05,54.5,51.48,53.87,4633
06/17/2009,52.37,52.8,52,52.03,7564
06/16/2009,53.08,53.97,52.29,52.43,8263
06/15/2009,56.2,56.22,53.1,53.1,13754
06/12/2009,56.33,56.82,55.5,56.1,8718
06/11/2009,54.68,56.54,54.55,56.3,12284
06/10/2009,55.1,56.2,54.45,54.63,10170
06/09/2009,55.25,56.27,54.77,54.86,9106
06/08/2009,55.37,55.86,54.26,55.67,11328
06/05/2009,56.75,56.89,54.85,55.11,11779
06/04/2009,55.95,56.89,55.19,56.88,8636
06/03/2009,58.7,58.87,55.71,55.84,14405
06/02/2009,57.79,58.88,57.25,58.65,9280
06/01/2009,56.99,58.05,56.68,57.79,11215
05/29/2009,54.58,57.23,54.23,56.97,13349
05/28/2009,55.52,55.55,54.16,54.23,8719
05/27/2009,55.1,55.75,54.76,55.58,5896
05/26/2009,57.11,57.25,54.51,55.06,11540
05/22/2009,56.58,57.51,56.58,57.11,3249
05/21/2009,57.1,57.32,56.1,56.78,5736
05/20/2009,56.05,57.6,55.85,57.15,6082
05/19/2009,57.55,57.9,55.78,56.22,9108
05/18/2009,56.1,57.71,55.52,57.55,8917
05/15/2009,59.17,59.25,56.11,56.3,11230
05/14/2009,59.17,59.29,58.05,59.06,6941
05/13/2009,60.15,60.52,58.89,59.04,8323
05/12/2009,60.73,61.67,59.51,60.32,12400
05/11/2009,59.8,60.72,58.09,60.54,12112
05/08/2009,58.89,59.97,58.63,59.85,6454
05/07/2009,58.39,59.4,58,58.88,10409
05/06/2009,57.5,58.4,57.25,58.17,6154
05/05/2009,57.15,59.39,56.97,58.05,13261
05/04/2009,57,57.43,56.56,57.22,8360
05/01/2009,54.35,57.24,54.05,57.2,18021
04/30/2009,53.27,54.45,52.66,54.35,9626
04/29/2009,52.75,54.19,52.29,53.34,10396
04/28/2009,52.9,53.25,52.07,52.75,6554
04/27/2009,52,53.37,51.33,53.07,10296
04/24/2009,52,52.78,51.62,52.7,7216
04/23/2009,50.78,52.47,50.52,52.11,10134
04/22/2009,51.29,51.89,50.27,50.79,7546
04/21/2009,49.08,51.89,48.33,51.3,13793
04/20/2009,50.6,50.65,48.6,49,8353
04/17/2009,49.94,50.85,49.75,50.69,6814
04/16/2009,49,49.97,48.33,49.91,7457
04/15/2009,47.93,49.23,47.85,49.1,6710
04/14/2009,48.98,49.26,47.91,47.93,9002
04/13/2009,48.73,49.39,47.5,48.98,8192
04/09/2009,49.33,50.05,48.36,48.73,15102
04/08/2009,47.93,49.44,47.29,49.39,12221
04/07/2009,47.96,48.48,47.4,47.91,9062
04/06/2009,48.3,48.77,47.36,47.86,4842
04/03/2009,46.93,48.5,46.87,48.43,4358
04/02/2009,47.07,47.75,46.81,47.05,4664
04/01/2009,46.51,47.54,46.51,47.06,7714
03/31/2009,45.83,47.44,45.66,47.35,10133
03/30/2009,44.32,45.94,44.05,45.44,10133
03/27/2009,44.85,45.13,44.18,44.31,2728
03/26/2009,45.7,45.89,44.65,44.89,3042
03/25/2009,45,45.75,44.89,45.57,1524
03/24/2009,45.85,45.95,44.97,45.28,2107
03/23/2009,45.15,46.05,45.15,45.97,2275
03/20/2009,43.85,45.19,43.8,44.93,3092
03/19/2009,43.8,44.43,43.35,43.75,2750
03/18/2009,43.63,43.9,42.51,42.63,2658
03/17/2009,44,44,43.41,43.65,3383
03/16/2009,43.95,44.48,43.82,43.95,1882
03/13/2009,44.15,44.48,43.35,43.86,1494
03/12/2009,43.02,44.04,42.58,43.96,1996
03/11/2009,43.25,43.6,42.77,43,2040
03/10/2009,42.35,43.53,42.35,43,2525
03/09/2009,42.64,43.1,42.22,42.39,2848
03/06/2009,43.23,43.65,42.4,42.48,2370
03/05/2009,43.77,43.77,42.47,42.54,1272
03/04/2009,43.23,45.01,43.15,43.23,1356
03/03/2009,43.18,43.7,42.9,43.07,1028
03/02/2009,44.21,44.21,42.58,42.91,2533
02/27/2009,45.52,45.6,44.25,44.71,1497
02/26/2009,45.06,46.18,45.06,45.6,986
02/25/2009,45.1,45.45,44.86,44.93,832
02/24/2009,45.28,45.57,44.9,45.09,575
02/23/2009,45.79,46.51,45.06,45.21,1421
02/20/2009,46.06,46.35,45.26,45.4,1145
02/19/2009,46.71,46.71,45.9,46.29,1379
02/18/2009,46.61,46.76,46.02,46.53,1711
02/17/2009,46.76,47.4,45.66,46.16,2678
02/13/2009,48,48.05,46.6,46.76,1787
02/12/2009,48.43,48.75,47.82,47.96,2718
02/11/2009,49.34,49.35,48.42,48.44,3698
02/10/2009,51.5,52.07,49.09,49.34,2022
02/09/2009,51.58,52.1,51.41,51.94,2463
02/06/2009,51.2,52,51.15,51.54,2062
02/05/2009,51.8,52.15,51.03,51.2,2084
02/04/2009,51.35,52.23,51.05,51.8,2346
02/03/2009,51.87,52.01,50.81,51.4,1012
02/02/2009,51.51,52.11,50.81,51.91,0
