Date,Open,High,Low,Close,Volume
07/07/2011,148,151.25,135.57,136.2,35
07/06/2011,159.97,160.95,152,155.4,147
07/05/2011,161.5,162.05,158,159,282
07/01/2011,160.2,161.5,160,161.41,143
06/30/2011,162.75,163,158,159.79,242
06/29/2011,161.96,162.75,161,162.14,51
06/28/2011,159.03,161.9,159.02,160.91,76
06/27/2011,161.5,164.09,158.6,162,288
06/24/2011,165.92,166.59,163.4,165.22,230
06/23/2011,162,166.7,162,164.55,6402
06/22/2011,156.2,161.58,156.2,161.22,12117
06/21/2011,149.05,154.73,149.04,154.73,9639
06/20/2011,145.4,150.6,144.1,148.73,4516
06/17/2011,145.96,148.32,144.1,145.18,7442
06/16/2011,151,152.75,145.96,145.96,5982
06/15/2011,155.5,158,150.29,151.96,8469
06/14/2011,150.7,155.85,149.32,155.54,9097
06/13/2011,150.1,152.8,146.84,150.95,13639
06/10/2011,152.2,154.4,148.5,150.03,22392
06/09/2011,146.05,151.05,145.36,151.05,10714
06/08/2011,147.95,150.15,144.31,145.05,16850
06/07/2011,155,156,148.63,148.63,14363
06/06/2011,161.55,163.56,155.63,155.63,12621
06/03/2011,165.23,168.49,160.66,161.63,12984
06/02/2011,163.61,166.23,159.15,164.24,16791
06/01/2011,161.39,163,158.5,160.97,12817
05/31/2011,153.45,158.67,153.4,158.67,6454
05/27/2011,151.05,154.5,151.03,152.67,5332
05/26/2011,156.03,158.44,150.75,151.03,10109
05/25/2011,153.88,159.67,153.65,156.03,9065
05/24/2011,153.89,157.74,153.5,153.88,7935
05/23/2011,155.85,157.47,153.21,153.89,3971
05/20/2011,155,157.02,150.06,155.61,7329
05/19/2011,159.64,161.32,153.86,155.65,9046
05/18/2011,155.46,160.8,155.3,159.86,8593
05/17/2011,152.05,157.86,150.83,155.04,13445
05/16/2011,146.7,151.15,145.18,151.15,7981
05/13/2011,143,148.49,142.06,145.15,8057
05/12/2011,151.61,151.92,144.3,144.3,6761
05/11/2011,152,155.12,147.76,150.3,11839
05/10/2011,144.57,151.4,143,151.4,12510
05/09/2011,145.1,148.56,143.21,145.4,7286
05/06/2011,146.86,149.1,143.8,145.56,8339
05/05/2011,151.5,151.5,144.51,146.86,14629
05/04/2011,156.6,157.23,151.51,151.51,4566
05/03/2011,154.45,158.87,153.46,157.51,8275
05/02/2011,158.02,158.5,151.11,154.45,8130
04/29/2011,152.65,158.02,147.8,158.02,7546
04/28/2011,152.95,154.98,146.5,152.02,15305
04/27/2011,160,160.39,153.39,153.39,11762
04/26/2011,165.15,165.58,160.39,160.39,7315
04/25/2011,168.65,172.44,165.22,166.39,6048
04/21/2011,166.25,169.73,164,167.51,16086
04/20/2011,171,174.6,166.27,167.06,15071
04/19/2011,178.35,179.1,171.16,171.16,15792
04/18/2011,176.97,179.8,173.16,178.16,17585
04/15/2011,178.51,179.95,176.46,177.4,9072
04/14/2011,180.5,181.14,176.93,178,10431
04/13/2011,188,189.11,178.62,180.64,20233
04/12/2011,191.1,192.37,183.91,185.57,12700
04/11/2011,191.9,193.7,187.2,190.91,10642
04/08/2011,194.5,198.07,188.5,189.9,10366
04/07/2011,194.5,198.81,191.31,194.57,16199
04/06/2011,191.05,198.39,189.46,195.42,12672
04/05/2011,187.25,193.66,180.27,191.39,15012
04/04/2011,187,188.28,184.14,187.27,5842
04/01/2011,193.38,193.58,187.51,188.1,8423
03/31/2011,188,193.66,185.25,192.9,10753
03/30/2011,188,192.84,185.03,186.85,9107
03/29/2011,188.62,193.5,186.7,187.79,5171
03/28/2011,196.87,196.87,190.11,190.11,4608
03/25/2011,201.19,203.25,195.23,197.11,4778
03/24/2011,193.5,200.93,189.9,200.49,8213
03/23/2011,202.98,202.98,190.01,193.93,9598
03/22/2011,190.85,196.9,188.5,196.9,4219
03/21/2011,192.4,194.9,188.27,189.9,3519
03/18/2011,185.93,189.46,185.93,189.46,5430
03/17/2011,176.55,182.46,175.75,182.46,5103
03/16/2011,178,186.25,175.15,175.46,8908
03/15/2011,186,188.19,179.25,179.25,4859
03/14/2011,193.25,195,186.25,186.25,4205
03/11/2011,192.5,197.09,186.5,193.25,6737
03/10/2011,193.66,196.24,190,190.59,5719
03/09/2011,195.75,202,192.04,194.06,9123
03/08/2011,202.95,204,196.97,196.97,6354
03/07/2011,205.9,209.97,203,203.97,7380
03/04/2011,195.1,202.97,195.1,202.97,5883
03/03/2011,198.88,199.24,191.6,195.97,8047
03/02/2011,185.24,192.24,184.9,192.24,4518
03/01/2011,189.59,189.59,182.97,185.24,7019
02/28/2011,178.5,182.59,178.5,182.59,1964
02/25/2011,167.31,175.59,166.84,175.59,3435
02/24/2011,177,177.4,168.59,168.59,2579
02/23/2011,176.05,177.5,172.56,175.59,6941
02/22/2011,180,180,179.56,179.56,1388
02/18/2011,200.56,200.56,186.56,186.56,6594
02/17/2011,191.5,193.56,191.34,193.56,5583
02/16/2011,179.97,186.56,179.97,186.56,2414
02/15/2011,176.5,181,176.5,179.56,4749
02/14/2011,181.29,181.29,175.7,176.54,4409
02/11/2011,181.9,186,176.61,180.29,4752
02/10/2011,175,179.47,173.82,179.47,5055
02/09/2011,167.74,173.94,166.35,172.47,4757
02/08/2011,164.95,169,164.62,167.99,4653
02/07/2011,156.1,163.03,154.59,163.03,4395
02/04/2011,160.5,160.5,156,156.03,5329
02/03/2011,164.8,167.38,159.35,160,7541
02/02/2011,158.3,162.38,158.3,162.38,0
