Date,Open,High,Low,Close,Volume
07/09/2012,70.84,70.84,70.84,70.84,17
07/06/2012,71.86,71.86,70.78,70.78,17
07/05/2012,70.92,70.92,70.92,70.92,11
07/03/2012,72.75,72.75,72.75,72.75,11
07/02/2012,72.15,72.15,72.15,72.15,11
06/29/2012,70.98,72.16,70.98,72.16,11
06/28/2012,68.5,70.3,67.7,70.3,40
06/27/2012,69.45,69.95,68.01,68.01,33
06/26/2012,70.35,70.63,68.31,68.31,31
06/25/2012,70.71,72.5,68.23,70.46,193
06/22/2012,74.17,74.17,74.17,74.17,4570
06/21/2012,82.5,82.5,78.17,78.17,5096
06/20/2012,89.38,89.48,82.98,83.17,16640
06/19/2012,83.5,87.98,83.5,87.98,18191
06/18/2012,80.05,82.98,79.98,82.98,12498
06/15/2012,79.99,81.37,79.37,79.98,23806
06/14/2012,75.15,78.09,74.66,78.09,21462
06/13/2012,75.65,76.35,74.25,75.09,17800
06/12/2012,75,76.42,74.09,75.57,22701
06/11/2012,74.25,75.74,73.27,75.09,24880
06/08/2012,74.8,74.88,70.79,72.9,33782
06/07/2012,70.66,73.89,70.43,73.89,21433
06/06/2012,67.1,69.89,67.1,69.89,12304
06/05/2012,68.46,69.85,66.79,66.89,14678
06/04/2012,68.59,69.06,66.1,68.53,15999
06/01/2012,71.73,71.85,68.55,68.59,19847
05/31/2012,71.35,71.75,70.62,71.55,17611
05/30/2012,72.43,73.15,70.38,70.91,22236
05/29/2012,73.65,75.33,72.45,72.8,13381
05/25/2012,74.3,74.76,72.65,73.62,10104
05/24/2012,72,74.5,71.87,73.94,16277
05/23/2012,74.15,74.26,70.53,71.51,19548
05/22/2012,77.85,78.01,74.52,74.52,14060
05/21/2012,77.99,79.05,76.49,77.52,12566
05/18/2012,76.75,78.12,76.47,77.99,9748
05/17/2012,77.1,78.23,76.26,76.65,11245
05/16/2012,79.2,79.34,76.85,76.97,16869
05/15/2012,78.72,80.65,78.5,79.16,14218
05/14/2012,78.77,79.9,77.85,78.82,15066
05/11/2012,81.5,81.76,77.16,78.97,26753
05/10/2012,85.85,86.3,81.82,81.82,28100
05/09/2012,87.34,87.34,85.31,85.82,14499
05/08/2012,86.51,87.45,86.06,86.18,14384
05/07/2012,88.01,88.42,86.1,86.67,13426
05/04/2012,89.33,89.56,87.91,87.99,9917
05/03/2012,89.21,89.74,89.05,89.21,7034
05/02/2012,89.51,89.94,88.85,89.51,8406
05/01/2012,89.4,89.92,89.03,89.68,8467
04/30/2012,91.23,91.65,87.87,89.4,19824
04/27/2012,92.25,92.42,90.79,91.23,7732
04/26/2012,90.7,92.34,90.7,92.11,9579
04/25/2012,91.5,92.45,90.6,90.8,10048
04/24/2012,92.48,92.86,90.05,91.46,15512
04/23/2012,91.2,92.84,90.51,92.48,13994
04/20/2012,90.87,91.24,90.03,91.01,8937
04/19/2012,89.95,91.41,89.7,90.72,12065
04/18/2012,88.53,92.25,88.24,90.02,27012
04/17/2012,87.42,89.26,87.42,88.25,15375
04/16/2012,89.73,89.79,86.55,87.25,23425
04/13/2012,90.05,90.6,88.55,89.73,17292
04/12/2012,88.44,90,88.35,89.8,15855
04/11/2012,88.5,89.81,88.27,88.3,19666
04/10/2012,89.1,90.33,88.17,88.26,24141
04/09/2012,88.66,90.03,88.39,89.3,13928
04/05/2012,89.35,90.29,88.12,88.39,9651
04/04/2012,92.7,92.75,88.84,89.26,12305
04/03/2012,93.2,93.7,92.51,92.7,6411
04/02/2012,93.87,94,92.3,93.57,6929
03/30/2012,93.7,94,92.4,93.92,9711
03/29/2012,93.63,94.19,93.28,93.73,10182
03/28/2012,92.7,93.99,92.27,93.93,8961
03/27/2012,91.1,93.29,90.7,93.01,9045
03/26/2012,90.26,91.25,90.06,91.03,5561
03/23/2012,90.27,91.07,89.98,90.27,4394
03/22/2012,89.09,90.42,88.86,90.23,5389
03/21/2012,88.8,90.1,88.8,89.08,3440
03/20/2012,89.9,89.95,88.3,88.72,4687
03/19/2012,88.28,90.05,88.26,89.9,5639
03/16/2012,88,88.78,87.53,88.05,2903
03/15/2012,87.91,88.98,87.75,88.01,3746
03/14/2012,88.85,89.28,87.7,87.76,3651
03/13/2012,88.92,89.65,88.75,88.8,4222
03/12/2012,88.05,90,88.05,88.93,4816
03/09/2012,90.8,91.44,89.35,89.74,6457
03/08/2012,91.5,92,90.45,90.7,4841
03/07/2012,92.45,92.45,90.84,91.27,5589
03/06/2012,95,95.12,91.94,92.45,7064
03/05/2012,90.42,93.59,90,93.59,6998
03/02/2012,91.1,91.66,89.21,89.59,4202
03/01/2012,92.11,92.76,90.83,91.05,3569
02/29/2012,93.31,93.38,91.23,91.87,3601
02/28/2012,91.8,93.83,91.8,93.3,3230
02/27/2012,91.89,92.5,91.07,91.68,2498
02/24/2012,91.01,91.89,90.32,91.35,4417
02/23/2012,92.8,92.8,90.29,90.61,6457
02/22/2012,94.32,94.75,91.82,91.88,2603
02/21/2012,93.91,94.98,93.55,94.32,2520
02/17/2012,93.98,95.35,93.6,93.65,3205
02/16/2012,93.5,95.1,93.5,94.86,3007
02/15/2012,94.02,95.45,93.67,94.56,3317
02/14/2012,94.13,94.45,93.19,93.96,1921
02/13/2012,93.28,95.5,93.21,94.02,2548
02/10/2012,94.45,94.71,93.1,93.57,3477
02/09/2012,97.5,97.67,93.3,93.45,4311
02/08/2012,97.45,98.6,96.76,96.85,5606
02/07/2012,99.18,99.7,97.23,97.41,3768
02/06/2012,98.91,99.6,98.23,99.21,4199
02/03/2012,97.29,98.85,96.79,98.45,4147
02/02/2012,95.99,97.15,95.33,96.56,0
