Date,Open,High,Low,Close,Volume
07/08/2010,83.37,83.63,81.5,81.85,114
07/07/2010,82.38,83.67,81.25,82.71,114
07/06/2010,81.65,82.46,81.4,81.6,125
07/02/2010,82.55,82.87,81.64,81.64,47
07/01/2010,82.75,82.75,80.32,81.22,63
06/30/2010,83.6,84.26,81.8,82.6,71
06/29/2010,84.42,84.45,83.05,83.68,64
06/28/2010,84.85,84.94,84.41,84.49,107
06/25/2010,83.5,84.85,83.5,84.72,103
06/24/2010,84.64,84.8,83.55,84.48,204
06/23/2010,82.61,84.45,82.21,84.45,2351
06/22/2010,82,82.55,81.55,82.46,3014
06/21/2010,82.1,83,81.8,82.15,2415
06/18/2010,80.82,82.37,79.84,81.78,3081
06/17/2010,81.86,81.95,80.46,80.8,6968
06/16/2010,81.87,82.45,81.61,81.77,4240
06/15/2010,82.74,82.84,81.69,81.97,4881
06/14/2010,81.7,83.04,81.38,82.56,8010
06/11/2010,82.4,82.7,81.49,81.54,15386
06/10/2010,82.05,83.99,81.66,82.51,25583
06/09/2010,78.46,81.32,78.42,81.32,16015
06/08/2010,77.36,78.45,76.98,78.32,17686
06/07/2010,77.06,77.49,75.8,77.22,14706
06/04/2010,78.3,78.49,76.56,77.06,16993
06/03/2010,78.4,79.27,78.09,78.21,10300
06/02/2010,79,79.48,78.32,78.4,16851
06/01/2010,80.33,80.33,79.01,79.07,19284
05/28/2010,81.45,81.46,80,80.05,16486
05/27/2010,81.84,82.36,81.2,81.28,9478
05/26/2010,82.07,82.9,81.76,81.84,7484
05/25/2010,82.25,82.27,81.15,82.07,10991
05/24/2010,82.97,83.23,82.12,82.25,6145
05/21/2010,81.6,83.21,81.54,82.97,7599
05/20/2010,83.28,83.4,81.45,82.09,9887
05/19/2010,82.2,84.13,81.75,83.28,15293
05/18/2010,81.4,82.44,81.35,82.2,8613
05/17/2010,80.85,81.64,80.51,81.2,6679
05/14/2010,80.99,81.53,80.4,80.72,6271
05/13/2010,80.5,81.6,80.39,80.76,7777
05/12/2010,80.75,82.49,80.29,80.37,9553
05/11/2010,81.15,81.9,80.5,80.53,7742
05/10/2010,81.25,82.16,81.01,81.04,6943
05/07/2010,80.01,82.29,80.01,80.71,14667
05/06/2010,82.28,82.5,79.8,79.85,15139
05/05/2010,81.38,82.27,80.25,82.08,16610
05/04/2010,83.23,83.51,81.19,81.29,16515
05/03/2010,84.13,84.3,83.12,83.23,6652
04/30/2010,83.4,84.43,83.4,84.13,5424
04/29/2010,84.83,85.51,83,83.3,12396
04/28/2010,85.2,86,84.41,84.9,7788
04/27/2010,85.86,86.08,84.56,85.2,8149
04/26/2010,86.21,87.1,85.41,85.89,8358
04/23/2010,84.99,86.38,84.9,86.2,12369
04/22/2010,85,85.97,84.37,84.82,14491
04/21/2010,84.9,86.8,84.82,85.15,19830
04/20/2010,81.6,84.6,81.6,84.6,19404
04/19/2010,81.7,81.78,80.52,81.6,10219
04/16/2010,82.06,82.81,80.64,81.59,9241
04/15/2010,80.78,82.35,80.77,82.12,17083
04/14/2010,81.7,82.15,80.95,81.09,10528
04/13/2010,79.63,82.16,79.62,81.61,16917
04/12/2010,79.81,80.56,79.6,79.63,9552
04/09/2010,79.88,80.7,79.4,79.5,12285
04/08/2010,82.22,82.7,79.68,79.88,16042
04/07/2010,83.23,83.23,81.6,82.19,5417
04/06/2010,83.45,84.24,83.16,83.36,5678
04/05/2010,82.97,83.87,82.65,83.52,5100
04/01/2010,82.19,82.84,81.85,82.74,5150
03/31/2010,81.04,82.7,80.74,81.82,8555
03/30/2010,81.92,82.25,80.62,80.82,4147
03/29/2010,81.1,81.98,80.95,81.64,3354
03/26/2010,81.3,81.74,80.38,80.96,3809
03/25/2010,82.2,82.8,81.17,81.27,5009
03/24/2010,83.52,83.6,81.76,82.26,2725
03/23/2010,83.28,83.76,82.81,83.68,2261
03/22/2010,82.89,83.55,82.5,83.33,1531
03/19/2010,82.92,83.53,82.45,82.98,2071
03/18/2010,81.57,83.12,81.43,83.04,3185
03/17/2010,82.42,82.44,81.68,81.99,2541
03/16/2010,80.99,82.42,80.75,82.39,3623
03/15/2010,80.96,81.8,80.36,81.32,2216
03/12/2010,79.29,81.25,79.29,81.02,2652
03/11/2010,80.6,80.6,79.25,79.28,3272
03/10/2010,80.68,81.46,79.84,80.65,3728
03/09/2010,82.54,82.54,80.2,80.62,5863
03/08/2010,82.8,82.87,81.75,82.54,2263
03/05/2010,82.39,83.43,82.03,82.85,2385
03/04/2010,82.75,82.8,81.73,82.13,3144
03/03/2010,81.92,83.4,81.92,83.05,3959
03/02/2010,83.3,83.3,80.75,81.92,6555
03/01/2010,81.86,84,81.86,83.42,4864
02/26/2010,80.3,81.98,80.12,81.93,4436
02/25/2010,78.19,80.9,77.92,80.4,4897
02/24/2010,78.97,79,78.1,78.64,2159
02/23/2010,78.86,79.7,78.5,79.41,3051
02/22/2010,78.45,79.1,77.75,79.03,2279
02/19/2010,77.35,79.11,77.33,78.4,3264
02/18/2010,76.29,78.5,76,77.89,3522
02/17/2010,76.59,76.94,75.9,76.39,3066
02/16/2010,75.41,76.93,75.38,76.62,2782
02/12/2010,74.65,75.65,74.05,75.51,2846
02/11/2010,74.5,74.82,73.94,74.65,1824
02/10/2010,73.88,74.94,73.35,74.61,4704
02/09/2010,71.84,74.4,71.84,73.97,9441
02/08/2010,69.97,72.07,69.97,71.85,3759
02/05/2010,71.59,71.77,69.04,69.26,3493
02/04/2010,72.12,72.18,70.63,71.45,1724
02/03/2010,71.68,73.1,71.52,72.14,2933
02/02/2010,71.03,71.85,70.75,71.64,0
