Date,Open,High,Low,Close,Volume
07/21/2008,135.4,135.4,135.4,135.4,87
07/18/2008,136.5,136.5,134.95,135.65,87
07/17/2008,138.9,140,134.9,135.55,21
07/16/2008,139.5,139.5,138,138.85,23
07/15/2008,142,142,136.95,138.5,21
07/14/2008,141.15,141.7,139.6,140.8,5
07/11/2008,140,142.2,139.45,140.05,66
07/10/2008,139,139.85,138.5,139.25,13
07/09/2008,138.3,139,138.3,138.35,13
07/08/2008,139.95,141.3,136.95,139.7,29
07/07/2008,149.65,149.65,139.9,141.05,82
07/03/2008,153.65,153.65,149,149.55,44
07/02/2008,152.6,153.75,151.95,153.45,28
07/01/2008,151.15,152.9,150.85,152.7,62
06/30/2008,150.3,154.05,148.6,150.9,145
06/27/2008,151.25,151.7,149,150.15,54
06/26/2008,148.15,152.6,148,151.25,315
06/25/2008,146.5,148.25,144.95,147.6,550
06/24/2008,144.65,148.15,143.9,145.85,278
06/23/2008,143.05,145.5,142,143.8,474
06/20/2008,137.95,145.65,137,143.95,1891
06/19/2008,137.75,139.5,136,136.95,11815
06/18/2008,139,140,135.05,136.65,16064
06/17/2008,137.6,139.35,135.5,139.1,13959
06/16/2008,134.5,139.6,134.4,136.05,35423
06/13/2008,134.5,135.05,133.4,134.4,9757
06/12/2008,134,135.1,133.35,134.6,14543
06/11/2008,134.9,135.75,131.95,133.6,19118
06/10/2008,131.5,135.85,130.85,135.05,20605
06/09/2008,135.85,136.05,130.5,131.05,23682
06/06/2008,135.95,137.5,134.45,135.85,15675
06/05/2008,133.15,137.25,132.8,135.8,16357
06/04/2008,132.75,133.75,131.6,132.75,12142
06/03/2008,137.45,137.45,131.55,132.5,20291
06/02/2008,133.85,138.5,132.7,137.35,19644
05/30/2008,132.65,134.75,132.6,133.9,8593
05/29/2008,135.8,137,132.2,132.5,11278
05/28/2008,132,136.25,131.35,135.6,11785
05/27/2008,134.5,135.4,131.5,132,12307
05/23/2008,134.3,135.4,133.15,134,9731
05/22/2008,141.15,142,133.25,134.2,18911
05/21/2008,137,141.65,136.8,140.45,21733
05/20/2008,135,137.7,135,136.8,11174
05/19/2008,138.25,140,134.9,135.2,14779
05/16/2008,136.95,138.8,136.55,138,6649
05/15/2008,138,139.75,136.4,136.8,8980
05/14/2008,137.25,138.6,136.2,137.7,6306
05/13/2008,138.9,139.15,135.65,137.25,9693
05/12/2008,136.55,139.35,135.45,138.55,9466
05/09/2008,134.55,140,134.45,136.55,19238
05/08/2008,130.5,135.2,130.5,134.55,15502
05/07/2008,133.65,133.9,129.8,131.1,10753
05/06/2008,132.75,134.2,131.6,133.6,9559
05/05/2008,129.5,133.7,128.9,132.6,10351
05/02/2008,130.45,131.55,128.8,129.4,15964
05/01/2008,135.5,135.5,129.05,129.25,18295
04/30/2008,135.3,136.4,134.3,135.45,8815
04/29/2008,134.55,135.9,132.75,135.3,8372
04/28/2008,131.5,136.1,131.5,134.5,10696
04/25/2008,132.05,132.65,129.3,131.3,14946
04/24/2008,136.1,136.65,131.5,131.6,10434
04/23/2008,136.85,137.3,134.4,136.35,6918
04/22/2008,133.7,137.85,133.55,136.7,20430
04/21/2008,137.45,139.25,132.9,133.6,21752
04/18/2008,142,142,134.7,137.45,20132
04/17/2008,137.3,142.85,137.1,141.9,21685
04/16/2008,135.8,139.2,135.8,137.1,15846
04/15/2008,133,138.4,133,136.5,12028
04/14/2008,133.6,134.7,132.85,133.45,10897
04/11/2008,134.5,135.8,132.75,133.25,15714
04/10/2008,139.5,140.45,132.5,134.25,17201
04/09/2008,135.5,140,134,139,17250
04/08/2008,136,137,135.35,135.75,9364
04/07/2008,134.4,136.45,134.4,136.15,10542
04/04/2008,134,135,133.05,134.45,3243
04/03/2008,132,135.25,131,133.85,4556
04/02/2008,131.5,133.95,130.9,131.2,5394
04/01/2008,129.9,132.7,128.75,131.65,6216
03/31/2008,132.5,134,129.4,129.95,12099
03/28/2008,136,136,132.05,132.95,3868
03/27/2008,135.2,136,132.2,135.1,2354
03/26/2008,136.8,137.9,133.15,134.85,3914
03/25/2008,132.25,136.3,132.25,135.15,3882
03/24/2008,134.5,135.3,130.75,131.25,2534
03/20/2008,135.5,136.05,128.4,133.4,9084
03/19/2008,140.75,141.6,133.1,135.45,8612
03/18/2008,140.25,142.1,136.9,140.05,6073
03/17/2008,151.95,153,137.05,138.5,11268
03/14/2008,161.4,162.3,150.7,154.6,4875
03/13/2008,157.25,161.25,157.25,160.25,1903
03/12/2008,155.6,157.5,155,156.35,3290
03/11/2008,152.95,156.3,151.9,154.45,1719
03/10/2008,153.45,153.85,150.1,152.8,1368
03/07/2008,158,159,149.3,153.8,5026
03/06/2008,164.6,168.15,155.35,157.15,4198
03/05/2008,166,167.8,164.2,166.3,2220
03/04/2008,169.1,171,165.4,167.4,2997
03/03/2008,166.35,170.8,166.35,169.85,2547
02/29/2008,170,171.8,168,169.05,1357
02/28/2008,169.2,169.8,169.2,169.8,2006
02/27/2008,165.65,166.6,165.65,166.45,2496
02/26/2008,163.5,163.5,162.5,162.7,2232
02/25/2008,164.75,166.8,164.6,166.35,1509
02/22/2008,161.6,164.8,161.6,164.8,2896
02/21/2008,161.1,161.9,161.1,161.45,2321
02/20/2008,158.1,159.8,158.1,159.75,4071
02/19/2008,157.7,160,157.7,159.85,3012
02/15/2008,159.8,159.8,154.45,154.45,4299
02/14/2008,156,157.65,156,157.35,4652
02/13/2008,155.3,155.3,153.5,154.45,3641
02/12/2008,152.75,152.75,152.75,152.75,3765
02/11/2008,152.85,153,151.2,152.7,2797
02/08/2008,149.7,152.4,149.7,152.05,3311
02/07/2008,148.2,148.2,148.2,148.2,2704
02/06/2008,148,148.05,148,148.05,2210
02/05/2008,147.05,147.65,147.05,147.5,1714
02/04/2008,144.5,147.6,144.5,147.6,1201
02/01/2008,142.1,144.1,142.1,144.1,1815
01/31/2008,142.5,143.15,142.5,143.15,1993
01/30/2008,141.55,141.6,141.55,141.6,1164
01/29/2008,139.35,139.35,138.7,138.8,2381
01/28/2008,139.3,139.3,139.3,139.3,1310
01/25/2008,137.9,137.9,136.3,136.6,904
01/24/2008,136.6,137.55,136.6,137.55,641
01/23/2008,136.5,136.5,136.5,136.5,527
01/22/2008,135.3,140.25,135.3,140.25,859
01/18/2008,138.75,138.75,138.35,138.35,815
01/17/2008,140.1,140.1,139.6,139.6,531
01/16/2008,140.4,140.4,139.3,140.15,851
01/15/2008,143.35,144,141.5,142.1,769
01/14/2008,142.45,142.8,142.45,142.8,754
01/11/2008,141.95,142.15,141.55,141.55,733
01/10/2008,140.6,141.85,140.6,141.85,1168
01/09/2008,140,140.8,140,140.8,2150
01/08/2008,137.9,140.6,137.9,140.6,1059
01/07/2008,136.5,136.5,136.5,136.5,1909
01/04/2008,138,138,137.7,137.7,486
01/03/2008,140.5,140.5,140.25,140.25,336
01/02/2008,139,139.1,138.5,139.1,429
12/31/2007,141,141.25,140.4,141.25,632
12/28/2007,138.5,138.5,138.15,138.15,244
12/27/2007,136.9,136.9,136.9,136.9,241
12/26/2007,137.1,138.75,137.1,138.75,229
12/21/2007,139.3,139.3,139.3,139.3,71
12/20/2007,138.6,138.8,138.3,138.8,394
12/19/2007,139.35,139.6,139.35,139.6,464
12/18/2007,139.6,139.6,139.6,139.6,507
12/17/2007,139.95,140.4,138.55,138.55,417
12/14/2007,138.8,139.1,138.8,139.1,188
12/13/2007,138.6,138.6,138.6,138.6,253
12/12/2007,139.1,139.5,139.1,139.35,1159
12/11/2007,139.4,139.4,138.3,138.6,503
12/10/2007,136.15,138.6,136.15,138.6,191
12/07/2007,135.5,136.25,135.5,136.25,231
12/06/2007,134.2,134.2,134.1,134.1,905
12/05/2007,135.6,136.1,135.6,136.1,119
12/04/2007,135.5,135.5,135.5,135.5,898
12/03/2007,135,135,134.85,134.85,80
11/30/2007,133.8,134.15,133.8,134.15,346
11/29/2007,133.55,133.55,133.55,133.55,220
11/28/2007,135,135,133.9,133.9,225
11/27/2007,130,130.6,130,130.6,200
11/26/2007,131.35,131.35,130.5,130.55,182
11/21/2007,131.55,131.55,131.55,131.55,1282
11/20/2007,132.8,132.8,132.8,132.8,307
11/19/2007,131,131.15,130.9,130.95,311
11/16/2007,134,134,134,134,334
11/15/2007,134.9,135,133.95,133.95,694
11/14/2007,133,133.35,133,133.35,1199
11/13/2007,133.3,133.3,131.8,131.8,420
11/12/2007,130,131,128.5,131,635
11/09/2007,130.8,130.8,130.8,130.8,224
11/08/2007,130.65,131,130.65,131,2567
11/07/2007,131.25,131.25,129.85,129.85,904
11/06/2007,129.8,129.95,129.8,129.95,539
11/05/2007,128.7,129.1,128.7,129.1,839
11/02/2007,129,129,128,128,227
11/01/2007,132.5,132.5,131.45,131.45,553
10/31/2007,130.25,130.4,130.15,130.15,374
10/30/2007,130.7,130.7,130.7,130.7,980
10/29/2007,130,131.15,130,131.15,176
10/26/2007,130.8,130.8,130.2,130.2,545
10/25/2007,130,130,129.35,129.35,1007
10/24/2007,131.95,131.95,131.95,131.95,101
10/23/2007,132.2,132.2,132.2,132.2,187
10/22/2007,131.8,132,131.6,132,754
10/19/2007,132.8,133.2,132.8,133.2,189
10/18/2007,134.1,134.1,132.75,133.65,609
10/17/2007,137.75,137.75,137.75,137.75,227
10/16/2007,137,137,136.35,136.35,1509
10/15/2007,138,138,137.95,137.95,370
10/12/2007,146.5,146.5,145.75,146.5,289
10/11/2007,145.9,146.45,145.4,145.4,1056
10/10/2007,143.5,143.5,140.6,140.6,616
10/09/2007,145.9,145.9,141.1,141.1,422
10/08/2007,145.45,145.6,145.45,145.6,167
10/05/2007,143.45,143.7,143.45,143.7,1729
10/04/2007,142.8,143.2,142.45,142.45,292
10/03/2007,142.75,143.3,142.75,143.3,563
10/02/2007,142.05,142.05,141.55,141.55,529
10/01/2007,142.1,142.1,142.1,142.1,1109
09/28/2007,135.4,136.4,135.4,136.25,890
09/27/2007,138,138,136.5,136.5,193
09/26/2007,136.3,136.3,136.3,136.3,692
09/25/2007,139.1,140.55,139.1,140.55,492
09/24/2007,139.85,139.85,139.85,139.85,1155
09/21/2007,137.45,137.45,137.45,137.45,1218
09/20/2007,141,141,140.2,140.2,391
09/19/2007,138.55,138.55,138.55,138.55,1743
09/18/2007,137.25,137.25,137.25,137.25,833
09/17/2007,134.85,134.85,134.85,134.85,893
09/14/2007,128.6,128.6,128.6,128.6,249
09/13/2007,127.05,127.05,127.05,127.05,130
09/12/2007,127.65,127.65,127.65,127.65,122
09/11/2007,127.1,127.1,127.1,127.1,124
09/10/2007,127.65,127.65,127.65,127.65,257
09/07/2007,124.95,124.95,124.95,124.95,290
09/06/2007,124.75,124.75,124.75,124.75,113
09/05/2007,123.85,123.95,123.8,123.95,376
09/04/2007,125.6,125.6,125.6,125.6,217
08/31/2007,123.6,123.6,123.6,123.6,109
08/30/2007,123.8,124,123.8,124,220
08/29/2007,124.1,124.1,124,124,97
08/28/2007,125.35,125.35,125.35,125.35,23
08/27/2007,125,125,125,125,122
08/24/2007,126.1,126.85,125.75,126.85,1590
08/23/2007,127.35,127.45,127.35,127.45,99
08/22/2007,126.65,126.65,126.65,126.65,411
08/21/2007,126.6,126.7,126.15,126.15,310
08/20/2007,126.55,126.55,126.55,126.55,69
08/17/2007,127.2,127.2,127.15,127.15,219
08/16/2007,122.7,122.7,122.7,122.7,778
08/15/2007,130.4,130.4,130.4,130.4,434
08/14/2007,132.3,132.3,130.35,130.35,381
08/13/2007,132.05,132.05,132.05,132.05,359
08/10/2007,131.85,131.85,131.85,131.85,173
08/09/2007,130.85,130.85,130.85,130.85,312
08/08/2007,130.05,130.05,130.05,130.05,606
08/07/2007,129.15,129.15,129.15,129.15,128
08/06/2007,130,130,130,130,403
08/03/2007,129.15,129.15,129.15,129.15,161
08/02/2007,127.85,127.85,127.85,127.85,2419
08/01/2007,125.15,125.15,125.15,125.15,105
07/31/2007,126.35,126.35,126.35,126.35,313
07/30/2007,125.25,125.25,125.25,125.25,97
07/27/2007,124.85,124.85,124.85,124.85,329
07/26/2007,124.9,124.9,123.55,123.55,714
07/25/2007,126.2,126.2,126.2,126.2,494
07/24/2007,127.8,127.8,127.8,127.8,1211
07/23/2007,124.4,124.4,124.4,124.4,711
07/20/2007,126,126,125.95,125.95,208
07/19/2007,126.35,126.35,126.35,126.35,1526
07/18/2007,126.1,126.1,126.1,126.1,564
07/17/2007,124.55,124.55,124.55,124.55,262
07/16/2007,124,124,124,124,579
07/13/2007,122.45,122.45,122,122,177
07/12/2007,123.35,123.35,123.35,123.35,165
07/11/2007,123.6,123.6,123.6,123.6,344
07/10/2007,122.85,122.85,122.85,122.85,344
07/09/2007,121.45,121.45,121.45,121.45,122
07/06/2007,121.75,121.75,121.75,121.75,322
07/05/2007,122.15,122.15,122.15,122.15,205
07/03/2007,123.05,123.05,123.05,123.05,314
07/02/2007,123.7,123.7,123.7,123.7,149
