Date,Open,High,Low,Close,Volume
07/21/2009,121,121.1,119.95,119.95,5
07/20/2009,118,119.75,116.85,119.75,5
07/17/2009,116.25,116.25,116.25,116.25,22
07/16/2009,115.55,115.55,113.5,113.5,22
07/15/2009,114.6,115.65,114.6,115.65,2
07/14/2009,113.2,113.75,112.9,112.9,15
07/13/2009,112.3,112.3,111.5,112.3,13
07/10/2009,112,112.3,112,112.3,10
07/09/2009,113.55,113.55,113.55,113.55,2
07/08/2009,113,113,113,113,24
07/07/2009,114.8,114.85,114,114,8
07/06/2009,115.1,115.75,114,115.4,25
07/02/2009,116.4,116.85,115,115.05,7
07/01/2009,118.05,118.4,116.4,116.4,28
06/30/2009,118,118.5,116.75,117.3,18
06/29/2009,116.65,118.8,116.65,117.85,44
06/26/2009,117.8,118,116.75,116.75,31
06/25/2009,116.7,118,115,117.55,63
06/24/2009,115.7,118.15,115.65,116.15,128
06/23/2009,117.15,118,115.15,116.15,264
06/22/2009,116.95,117.9,116.35,117.7,668
06/19/2009,120.2,120.6,116.55,116.7,3142
06/18/2009,119.3,121.3,117.8,120.45,5195
06/17/2009,123.1,123.25,118.3,118.45,7465
06/16/2009,122.1,123.45,121.5,122.4,7406
06/15/2009,128.9,129.05,121.15,121.35,17291
06/12/2009,131.35,131.35,128.25,129.55,7656
06/11/2009,130.8,131.9,129.15,131.6,10741
06/10/2009,132,132,127.95,130.3,14251
06/09/2009,130.95,132.25,130.45,131.15,11872
06/08/2009,133.6,133.85,128.5,130.05,18465
06/05/2009,139.15,139.5,133.55,133.85,12604
06/04/2009,138.35,139.5,136.05,139.2,8268
06/03/2009,142,142.25,135,138.35,11910
06/02/2009,141.5,142.9,140,142,9207
06/01/2009,137,142.75,136.65,142.25,9667
05/29/2009,136.5,138.85,135.8,137.4,10030
05/28/2009,133.5,137.4,133.05,136.8,7662
05/27/2009,136.7,137.8,134.1,135.5,9381
05/26/2009,134.4,137.15,131.6,136.45,9027
05/22/2009,135.6,137.4,133.65,135,8900
05/21/2009,133.1,135.95,131.75,135.8,8437
05/20/2009,131.85,134.6,130.75,133.3,10990
05/19/2009,129.4,132.45,129.1,132.3,8651
05/18/2009,127.55,129.95,127.05,129.4,4960
05/15/2009,127.55,129.7,126.8,127.8,8212
05/14/2009,126.45,128.4,124.85,128,9356
05/13/2009,128.8,128.8,126.1,127.15,6848
05/12/2009,128.1,130.75,127.45,128.8,13561
05/11/2009,126.9,130.2,125.7,128.5,11586
05/08/2009,124,127.85,123.55,126.7,9916
05/07/2009,124.45,125.8,123.5,124.6,9421
05/06/2009,124.3,125.25,123.5,124.9,6951
05/05/2009,120.8,124.8,119.6,124.65,13326
05/04/2009,120.3,121.85,119.15,120.85,8313
05/01/2009,115.7,120.75,115.65,120.4,13234
04/30/2009,116.65,116.85,113.95,115.9,7978
04/29/2009,116.3,117.1,115.55,116.5,4253
04/28/2009,115.4,116.65,114.1,116.25,5388
04/27/2009,118.5,118.75,114.3,115.4,9402
04/24/2009,118,119.5,116.5,119.45,6583
04/23/2009,117.7,118.45,117.3,118.25,6609
04/22/2009,114.3,119,112.85,117.75,14297
04/21/2009,113.55,114.5,112.75,114.35,13090
04/20/2009,113.55,114.35,112.8,113.6,9979
04/17/2009,115.55,116.35,112.8,113.75,12172
04/16/2009,117.35,118.2,115.25,115.55,8320
04/15/2009,117.4,118.3,116.35,117.55,15388
04/14/2009,117.5,118.2,115.7,117.5,14960
04/13/2009,120.65,122.35,115.05,117.3,10503
04/09/2009,120.1,121.95,120.1,121.35,9455
04/08/2009,119,120.8,118.75,120.2,7894
04/07/2009,119.5,120.25,118.05,119.5,7018
04/06/2009,120.4,121.2,118.45,119.45,2732
04/03/2009,119.1,121.35,117.95,120.4,5088
04/02/2009,116.95,120,116.85,118.75,3961
04/01/2009,117.2,117.85,116.1,116.45,3539
03/31/2009,115,118,115,117.7,2288
03/30/2009,117,117.35,114.8,114.95,3609
03/27/2009,119.3,119.6,116.5,117.8,3100
03/26/2009,118.7,121,118.7,119.3,2827
03/25/2009,118.15,119,117.25,118.6,2605
03/24/2009,119.35,119.9,118.2,118.7,1894
03/23/2009,118.3,119.5,118,119.5,1619
03/20/2009,118.5,120,117.2,118.2,2124
03/19/2009,116,119.15,116,118.05,4902
03/18/2009,113.25,116.1,113.25,115.05,2384
03/17/2009,112.85,114,112,113.25,5202
03/16/2009,112,113.85,111.1,112.85,1633
03/13/2009,112.7,114.35,111.8,112.25,1019
03/12/2009,109.35,114.8,106.7,112.7,3030
03/11/2009,107.9,109.95,107.6,109.2,1656
03/10/2009,108.85,109.25,107.9,108.15,1609
03/09/2009,109.9,109.9,106.6,108.55,2607
03/06/2009,110.15,111.25,109.35,109.4,1784
03/05/2009,111.15,111.15,109.1,110.9,3050
03/04/2009,109.05,111.75,109,110.9,1436
03/03/2009,109.2,109.95,108.2,108.7,1884
03/02/2009,113.9,113.9,107.75,107.9,4691
02/27/2009,115.05,115.1,112.35,114.2,1455
02/26/2009,115.05,117,114.6,115.35,1150
02/25/2009,115.95,116.15,114,115.1,1122
02/24/2009,115.1,116.35,114.25,115.55,511
02/23/2009,114.3,116.35,114.3,115.5,965
02/20/2009,114.25,114.75,113,113.55,2042
02/19/2009,113.8,115.7,113.6,114.85,2006
02/18/2009,115.25,115.5,113.4,113.9,1791
02/17/2009,116.9,116.95,115,115.35,755
02/13/2009,117.45,118.1,116.1,117.3,1271
02/12/2009,120,120.25,115.8,116.7,4411
02/11/2009,121.2,122.3,119.75,120,1602
02/10/2009,125,125.5,120.8,121.2,1432
02/09/2009,123,126.4,123,125.75,829
02/06/2009,123.25,125.05,122.6,123.95,1233
02/05/2009,120.25,124.2,118.5,123.6,2259
02/04/2009,123.5,123.5,119.7,120.25,2499
02/03/2009,124.3,124.35,122.3,123.65,800
02/02/2009,123,124.4,121.5,124.15,923
01/30/2009,125.5,125.85,122.5,123.2,819
01/29/2009,126.6,126.6,125.2,125.8,809
01/28/2009,126,126.8,125.45,126.8,407
01/27/2009,127.35,127.35,124.6,126.25,1579
01/26/2009,123.8,126.55,123.35,126.35,836
01/23/2009,123.15,124.35,123,123.8,712
01/22/2009,122.4,124,122.25,123.6,3427
01/21/2009,119.3,122,116.8,121.6,1743
01/20/2009,119.25,120.1,118.15,118.95,605
01/16/2009,119.35,121.3,119.3,119.8,1591
01/15/2009,118.2,119.15,117.75,118,669
01/14/2009,120.15,120.45,118.6,118.75,542
01/13/2009,119.1,120.7,118,118.95,431
01/12/2009,120.7,122.5,118.75,118.75,601
01/09/2009,118.5,123.55,118.5,121.05,1113
01/08/2009,119.1,119.4,117.3,117.65,999
01/07/2009,119.9,121.45,118.1,118.4,3570
01/06/2009,112.9,120.85,112.9,120.65,499
01/05/2009,114.95,114.95,111.05,112.25,351
01/02/2009,114.5,116,114.4,115.4,94
12/31/2008,112,117.05,112,116.5,347
12/30/2008,111.05,112.15,111,112.05,210
12/29/2008,113.5,113.6,111,111.2,493
12/26/2008,113.05,113.5,112.8,112.85,18
12/24/2008,112.05,113.05,112.05,112.5,187
12/23/2008,114,114,111.75,112.05,38
12/22/2008,115.8,115.8,111.8,113,479
12/19/2008,116.6,116.6,115.3,115.5,179
12/18/2008,117.1,117.45,116.6,117.05,170
12/17/2008,117.15,118.1,116.6,116.8,556
12/16/2008,115.4,116.2,115.25,115.6,800
12/15/2008,116.5,118.45,115,115.2,1059
12/12/2008,116,117.3,115.8,116.85,724
12/11/2008,117,118,116.4,117.4,3171
12/10/2008,114.75,116,114.45,116,194
12/09/2008,113.5,116.5,113.1,114.8,91
12/08/2008,110.15,114.75,110.15,114.45,243
12/05/2008,112.05,112.8,107.6,108.3,274
12/04/2008,115.45,115.95,110.85,111.2,1169
12/03/2008,116.9,117.1,115.45,116.2,277
12/02/2008,120,120,116,116.9,553
12/01/2008,120.8,120.8,118.25,118.45,808
11/28/2008,122.3,122.65,120,120.8,794
11/26/2008,119.7,121.6,119.5,121.6,990
11/25/2008,119.5,120.25,119,119.8,234
11/24/2008,119.45,120.55,118.5,119.55,598
11/21/2008,116.85,117.75,116.15,116.2,213
11/20/2008,119,119,116.75,116.9,233
11/19/2008,119,121.9,119,119.5,731
11/18/2008,120.85,120.85,120.1,120.1,196
11/17/2008,121,121.05,116.45,120.3,2043
11/14/2008,122.1,122.15,121.05,121.05,430
11/13/2008,121.7,123.35,120.6,120.6,106
11/12/2008,121.95,122.2,121.2,122.05,256
11/11/2008,122.5,123.5,122.3,122.5,1289
11/10/2008,125,125,123,123.3,113
11/07/2008,122.7,122.9,122,122.8,453
11/06/2008,126,126.3,120.4,121.6,356
11/05/2008,126,127.3,126,127.05,63
11/04/2008,124.35,127.3,124.35,127.3,13
11/03/2008,122.75,123.6,122.75,122.95,16
10/31/2008,122,123.4,120,123.4,262
10/30/2008,122.3,122.3,121.5,121.65,3375
10/29/2008,121.3,123.3,121.3,122.9,34
10/28/2008,119.6,121.25,118.3,118.5,44
10/27/2008,118.85,118.85,116.45,118.4,119
10/24/2008,120.5,121,117.5,119.4,215
10/23/2008,123.25,123.65,120.6,120.9,118
10/22/2008,124.8,124.8,123,123.25,163
10/21/2008,125.1,126.5,124.5,124.95,48
10/20/2008,127.3,127.3,125,125,118
10/17/2008,125.05,127.05,125.05,126.55,98
10/16/2008,124,124.55,123,123.95,174
10/15/2008,127.5,127.5,123.45,124.05,202
10/14/2008,129.9,130.95,129.5,129.55,72
10/13/2008,129.4,129.6,127,128.3,228
10/10/2008,125,126.4,121.5,126.25,210
10/09/2008,125.95,126.65,125.45,125.45,157
10/08/2008,124.25,125.65,120.5,125.45,511
10/07/2008,126.5,126.75,125,125.05,479
10/06/2008,132.55,132.55,123.9,125.2,875
10/03/2008,135.3,135.3,132.35,132.45,225
10/02/2008,138.95,138.95,135.1,135.4,259
10/01/2008,141.1,141.1,138.3,138.85,82
09/30/2008,138.9,140.25,138.9,140.1,355
09/29/2008,142.75,142.75,139.2,139.9,1643
09/26/2008,143.3,143.7,143.2,143.2,140
09/25/2008,143.5,146.75,143.5,146.5,318
09/24/2008,145,145,144.4,144.55,85
09/23/2008,143.8,143.8,143.8,143.8,301
09/22/2008,143.65,146.05,143.45,145.5,540
09/19/2008,141.65,141.9,141.65,141.9,522
09/18/2008,144.25,144.25,139.25,139.25,243
09/17/2008,142.2,142.3,141,141.65,86
09/16/2008,145.25,145.25,141.95,142.2,208
09/15/2008,147.7,147.7,147.7,147.7,128
09/12/2008,147.95,147.95,147.95,147.95,77
09/11/2008,146.65,147.25,146.65,147.25,51
09/10/2008,147.75,149.7,147.65,149.6,41
09/09/2008,149.25,149.25,148.65,148.9,580
09/08/2008,151.6,151.6,151,151.6,97
09/05/2008,155.15,155.15,150.95,151.15,230
09/04/2008,154.6,155.15,154.6,155.15,174
09/03/2008,152.6,152.6,151.8,151.8,3
09/02/2008,154,154,151.65,152.85,28
08/29/2008,156.45,156.45,154,154,137
08/28/2008,156.3,158.4,155.7,156.05,243
08/27/2008,158,160,156.15,156.3,72
08/26/2008,154.7,156.25,154.7,156.2,26
08/25/2008,151.55,151.55,151.5,151.5,5
08/22/2008,152.7,152.7,152.05,152.55,191
08/21/2008,151.9,151.9,151.85,151.9,25
08/20/2008,148.85,149.55,148.85,149.45,6
08/19/2008,149.2,149.2,148.4,148.4,29
08/18/2008,146.2,146.2,146.2,146.2,47
08/15/2008,145,145.05,144.3,145.05,23
08/14/2008,148,148,147.35,147.35,9
08/13/2008,145.7,147.75,145.7,147.75,82
08/12/2008,147.95,150.7,147.15,149.5,114
08/11/2008,148.55,149.1,148.15,148.15,87
08/08/2008,148.35,148.35,147.75,147.95,24
08/07/2008,151,153,151,152.55,7
08/06/2008,149.9,149.9,149.9,149.9,10
08/05/2008,147.6,152.1,147.6,152.1,54
08/04/2008,148.7,149.1,147.05,148.8,175
08/01/2008,152.1,152.1,152.1,152.1,1
07/31/2008,151.6,151.6,151.35,151.35,10
07/30/2008,149.95,149.95,149.45,149.45,205
07/29/2008,147.75,148.5,147.75,148.15,328
07/28/2008,149.05,149.05,147,147.05,14
07/25/2008,149.05,149.05,149.05,149.05,41
07/24/2008,146.5,147.05,146.45,146.9,46
07/23/2008,148.3,148.3,147.65,147.65,41
07/22/2008,149.45,149.45,149.15,149.15,43
07/21/2008,148.9,148.9,148.9,148.9,53
07/18/2008,149.55,149.75,149.45,149.45,397
07/17/2008,152.15,153.4,149.15,149.15,43
07/16/2008,152.3,152.55,152.3,152.5,103
07/15/2008,152,152.15,152,152.15,47
07/14/2008,152,155.25,152,154.3,80
07/11/2008,153.65,154.3,153.6,153.6,29
07/10/2008,151.9,153.1,151.9,153.1,11
07/09/2008,153.5,153.5,152.15,152.15,9
07/08/2008,153.15,153.95,153.15,153.95,6
07/07/2008,160.7,160.7,153,154.75,13
07/03/2008,163.9,163.9,163.15,163.15,61
07/02/2008,166.7,167.2,165.35,167.2,12
07/01/2008,166.05,166.7,166.05,166.7,45
