Date,Open,High,Low,Close,Volume
07/19/2013,122.6,122.6,122.6,122.6,8
07/18/2013,131.65,132.15,127.15,127.15,14
07/17/2013,126.25,127.55,125.75,127.55,5
07/16/2013,124.9,126.1,124.9,125.6,3
07/15/2013,120.25,122.9,120.15,122.9,3
07/12/2013,120.4,120.4,119.15,119.15,8
07/11/2013,123.15,123.15,123.15,123.15,40
07/10/2013,121.75,121.75,121.45,121.45,5
07/09/2013,124,124,120,122.05,36
07/08/2013,120.5,123.6,120.5,123.25,12
07/05/2013,120.8,120.95,120.8,120.95,4
07/03/2013,124,124,121.15,121.15,18
07/02/2013,121.25,124.35,121.25,124.1,43
07/01/2013,120.6,121.85,119.8,121.2,21
06/28/2013,122.3,122.35,118.5,120,40
06/27/2013,118.8,121.6,118.7,121.6,40
06/26/2013,120.1,120.65,117.95,118.15,348
06/25/2013,120.2,120.45,118.7,120.25,63
06/24/2013,118.85,120.4,118.65,119.45,72
06/21/2013,119.2,121.1,118.65,118.7,119
06/20/2013,122.1,122.1,116.9,117.65,2238
06/19/2013,122.9,123.4,121.9,122.75,11273
06/18/2013,122.4,123.25,120.9,122,10303
06/17/2013,122.25,124.6,121.9,122.35,10475
06/14/2013,124.15,124.7,121.85,122.25,16238
06/13/2013,122.7,124.1,121.35,123.7,24452
06/12/2013,127.7,128.4,121.1,122.75,34570
06/11/2013,128.75,129,126,127.7,29124
06/10/2013,126.5,129,125.9,128.75,24001
06/07/2013,129.7,129.75,126.3,126.95,24412
06/06/2013,127.4,129.9,127.05,129.45,24536
06/05/2013,127.8,129.5,125.9,127.45,15493
06/04/2013,129,129.1,127.1,127.65,15747
06/03/2013,127.05,129.4,125.5,129,17934
05/31/2013,125.95,127.85,125.05,127.05,13948
05/30/2013,128,128.55,125.2,125.85,17757
05/29/2013,126.55,128,126,127.6,17055
05/28/2013,127.55,128.2,125.8,126.45,21540
05/24/2013,130.65,130.75,126.8,127.25,16739
05/23/2013,128.8,131.8,128.05,130.05,20814
05/22/2013,133.3,133.7,128.25,128.45,25577
05/21/2013,135.7,135.85,132.25,132.7,17188
05/20/2013,136.9,136.9,134,135.15,12866
05/17/2013,140.25,141.3,136.75,136.9,12049
05/16/2013,140.55,141.55,138.25,139.85,11742
05/15/2013,143.8,145.6,140.05,140.55,17682
05/14/2013,145.95,146.85,143.8,144,12699
05/13/2013,144.2,146.4,143.35,145.75,13597
05/10/2013,146.9,148.8,144,144.45,23762
05/09/2013,143.5,148.75,143.2,147.9,28597
05/08/2013,142.3,144.3,141.7,144.15,16132
05/07/2013,141.75,142.9,140.5,142.7,12852
05/06/2013,140.2,142.25,138.95,141.75,11666
05/03/2013,138.5,141.8,138,140.9,15348
05/02/2013,135,140.4,135,139.45,24863
05/01/2013,135.55,135.6,132.85,134.7,13113
04/30/2013,134.1,135.65,133.55,135.1,12558
04/29/2013,133.7,135,132.7,133.75,12944
04/26/2013,138,138.15,133.05,133.95,18005
04/25/2013,138.9,139.75,136.1,137.4,14160
04/24/2013,138,139.65,137.4,138.4,11983
04/23/2013,142.4,143.5,136.55,137.55,19604
04/22/2013,142.9,144.5,141.8,143.1,13952
04/19/2013,140.8,143.85,140.8,143.2,21208
04/18/2013,136.9,141.2,136.75,140.8,26481
04/17/2013,137.5,139.25,136.2,136.85,20969
04/16/2013,136.3,137.55,135.75,137.25,21121
04/15/2013,136.85,137.15,133.55,136.1,29793
04/12/2013,138.65,139.8,136.65,137.15,22481
04/11/2013,138.05,139.5,138.05,139.15,21440
04/10/2013,137.9,140.1,137.7,138.35,17973
04/09/2013,138.6,139.25,137.1,137.85,29073
04/08/2013,142,143.35,137.6,138.6,21738
04/05/2013,141.65,143,140.35,142.6,15958
04/04/2013,142,142.25,139.95,141.95,10527
04/03/2013,138.45,142.2,138.1,142.05,13631
04/02/2013,139.7,140.5,138.3,138.8,15510
04/01/2013,139.65,143.7,138.15,140.9,5432
03/28/2013,139.05,140.25,138.5,139.65,5471
03/27/2013,140,140.55,137.45,139.2,6980
03/26/2013,138.2,141.3,137.95,140.05,7922
03/25/2013,138.45,139.15,137.35,138.2,4559
03/22/2013,136.45,138.85,135.8,137.95,5914
03/21/2013,136.3,137.1,135.1,136.45,5650
03/20/2013,136,136.9,134.8,136.35,7272
03/19/2013,137.75,138,135.35,135.9,4287
03/18/2013,140,140.1,136.85,137.1,6257
03/15/2013,142.25,142.4,139.9,140.25,6661
03/14/2013,143.25,143.9,142.05,142.35,2304
03/13/2013,144.8,146.85,142.75,143.25,3965
03/12/2013,145,146.1,144.65,145,2703
03/11/2013,146.6,147.45,145.95,146.45,2561
03/08/2013,145.8,147.25,144.95,146.75,3370
03/07/2013,143.8,146.1,143.4,145.8,2776
03/06/2013,143.45,145,142.8,143.95,2616
03/05/2013,149.2,149.95,143.15,143.75,7055
03/04/2013,145.5,149.5,145.25,149.2,4246
03/01/2013,145.75,146.95,144.95,146,2379
02/28/2013,146.75,147,144.4,145.9,2831
02/27/2013,145.15,147.5,145.15,146.15,3749
02/26/2013,144.8,147.5,143.9,146.2,4102
02/25/2013,146,147,143.3,145.85,3043
02/22/2013,144.45,146.95,144.45,146.5,3642
02/21/2013,144.5,144.5,142,144.4,4126
02/20/2013,141.3,144.95,141,144.3,12666
02/19/2013,143.05,145.5,140.5,141.3,4919
02/15/2013,144.5,144.5,142.55,143.1,4353
02/14/2013,144.05,144.85,143.15,143.7,3490
02/13/2013,146.25,147.25,144,144.5,2902
02/12/2013,146,147.5,144.2,146.1,5496
02/11/2013,147.75,147.75,145.5,145.9,4161
02/08/2013,146.45,147.9,145.6,147.15,3679
02/07/2013,148.9,149.25,145.75,146.45,3815
02/06/2013,150.45,150.45,148,148.25,3479
02/05/2013,150.7,151.6,149.75,150.1,4502
02/04/2013,153.75,153.85,149.9,150.3,3424
02/01/2013,152.95,155.2,152.9,153.85,2158
01/31/2013,154.1,154.2,152.35,152.9,1716
01/30/2013,155.4,156.3,153.05,153.55,2063
01/29/2013,154.95,156,154,155.5,2852
01/28/2013,154,155.4,152.95,154.75,1433
01/25/2013,153.4,154.15,152.45,154.1,581
01/24/2013,156.6,157,152.2,152.4,1737
01/23/2013,154.75,157.45,154.25,156.25,1861
01/22/2013,161.05,161.95,154,154.35,2950
01/18/2013,161.1,163.3,160.4,161.85,1809
01/17/2013,158.1,161.8,158.05,161.1,2895
01/16/2013,157.35,160.1,156.4,158.5,1296
01/15/2013,158.3,161.75,157,157.95,1969
01/14/2013,158.5,161,158.35,158.85,2397
01/11/2013,155.65,159,154.5,158.85,2561
01/10/2013,154.5,155.45,153.8,155.25,1091
01/09/2013,152.3,154.75,151.8,153.65,1766
01/08/2013,154.95,155.8,151.2,153.8,1868
01/07/2013,153.5,156.3,152.7,155.95,1280
01/04/2013,151.3,153.2,148.4,152.95,1673
01/03/2013,155,157.4,151.1,152.1,1128
01/02/2013,151,155.45,150.65,154.95,1140
12/31/2012,151.2,151.45,147.1,149.55,841
12/28/2012,152.6,154.5,151.45,152.4,379
12/27/2012,153.45,153.95,152.4,153.4,742
12/26/2012,152.4,154.05,152.25,153.65,387
12/24/2012,151.7,153.35,151.05,152.45,223
12/21/2012,148.05,152.1,148,152.05,778
12/20/2012,150.85,151.2,147.45,148.55,1428
12/19/2012,149.25,150.95,148.45,150.45,817
12/18/2012,151.2,153.4,149,149.6,1538
12/17/2012,148.95,151.7,148.95,151.65,806
12/14/2012,149.5,151.3,148.05,148.95,2324
12/13/2012,152.5,152.5,149,149.35,1379
12/12/2012,155,155.6,152,152.2,1310
12/11/2012,153.05,155.8,152.5,155.2,300
12/10/2012,158.95,159.2,152.3,152.65,2058
12/07/2012,156.1,160.5,155,159.45,625
12/06/2012,155,157.05,154.7,156.6,304
12/05/2012,153.9,154.75,152.1,154.75,840
12/04/2012,157.2,157.3,152.9,154,1498
12/03/2012,156.8,158.3,155,156.45,444
11/30/2012,161.35,161.5,155.5,156.35,473
11/29/2012,160.15,162.75,159.5,162.1,522
11/28/2012,154.8,160.65,153,160.6,1395
11/27/2012,154.9,156.9,154.7,155,812
11/26/2012,155.65,157.15,153.5,154.65,610
11/23/2012,159.1,159.1,155.45,156.6,153
11/21/2012,158.55,159.35,156.8,159.2,1092
11/20/2012,162.05,162.15,157.7,158.1,835
11/19/2012,159,163.3,159,162.95,789
11/16/2012,159.25,159.7,157.85,158.25,311
11/15/2012,158.75,159.85,155.35,159.7,652
11/14/2012,157.95,159.3,157.6,158.5,497
11/13/2012,163.3,163.3,156.9,156.95,1163
11/12/2012,161.95,164.75,161.95,164,634
11/09/2012,163.1,163.1,161,161.25,456
11/08/2012,162.45,163.5,160.75,162.6,418
11/07/2012,163.25,164.1,161.05,161.45,773
11/06/2012,161.6,162.75,161,161.05,677
11/05/2012,165.5,165.5,161.5,161.55,927
11/02/2012,164.9,165.5,164.1,165.5,1406
11/01/2012,165,166.4,163.45,163.95,1162
10/31/2012,168,168.6,165,165.15,1517
10/30/2012,172.5,172.5,166.9,167.35,109
10/29/2012,167.05,171.5,166.5,171.5,811
10/26/2012,170.4,170.4,167.4,167.9,208
10/25/2012,170.8,171.35,169.4,171.2,263
10/24/2012,171.2,171.75,168.9,169.9,338
10/23/2012,173.4,173.4,170.6,170.85,668
10/22/2012,174.05,175.15,172.65,174.3,308
10/19/2012,168.75,172.4,168.75,171.75,249
10/18/2012,171.7,171.7,167.8,168.9,763
10/17/2012,171.9,172.05,170,171.55,624
10/16/2012,172.1,172.95,172.1,172.7,646
10/15/2012,172,172,170,170.75,480
10/12/2012,170.65,172.35,169.95,171.7,239
10/11/2012,173,173,170.3,170.55,507
10/10/2012,176.25,176.25,173.25,173.3,639
10/09/2012,179.15,179.15,173.9,175,1068
10/08/2012,177.65,178.7,176.35,178.55,515
10/05/2012,183.95,185,177.35,177.45,319
10/04/2012,190.75,192.65,183.8,184.25,246
10/03/2012,191,194.25,189.75,190.1,2034
10/02/2012,187.35,193.4,187.35,192.85,696
10/01/2012,184.6,187.35,184.55,187.35,874
09/28/2012,181.35,183.2,181.35,182.95,230
09/27/2012,179.5,183.8,179.5,183.6,182
09/26/2012,182.75,182.75,178.55,178.85,115
09/25/2012,182.25,183.4,182.25,183.1,231
09/24/2012,182.65,182.65,177.35,181.85,397
09/21/2012,179.95,183.05,179.5,182.85,550
09/20/2012,183.5,183.5,177.75,178,939
09/19/2012,187.1,187.85,182,183.5,57
09/18/2012,183.7,187.4,180.85,186.6,345
09/17/2012,190,192.3,183.6,184.85,294
09/14/2012,189.7,192.15,189.15,189.85,383
09/13/2012,186,189.4,186,187.7,487
09/12/2012,186.2,187.75,186.1,186.5,304
09/11/2012,182.25,188.7,182.2,186.45,649
09/10/2012,173.2,182.4,172.85,182.2,365
09/07/2012,168.3,172.15,167.9,171.75,229
09/06/2012,170,170.55,165.5,167.15,1185
09/05/2012,174.5,174.5,169.4,169.5,355
09/04/2012,176.05,176.65,174.15,174.3,173
08/31/2012,173.05,173.85,171.8,173.6,248
08/30/2012,174.9,176.6,171.55,172.3,571
08/29/2012,176.3,177.35,174.5,175.05,456
08/28/2012,175.5,176.75,174.35,176.3,256
08/27/2012,175.35,175.8,173.95,175.8,303
08/24/2012,170.05,172.2,170.05,171.55,160
08/23/2012,171,171.05,170.05,170.6,369
08/22/2012,173.1,173.1,170.3,171,152
08/21/2012,173.85,174.9,173,173.1,266
08/20/2012,173.5,175.5,172.55,173.45,212
08/17/2012,172.45,172.6,171.9,172.4,112
08/16/2012,173,173,170.2,170.9,378
08/15/2012,174.45,174.45,171.1,174.1,654
08/14/2012,175,175.25,174.6,175.15,323
08/13/2012,176.25,176.25,175.05,176.1,288
08/10/2012,178,178.3,176.4,178.3,390
08/09/2012,181.7,181.7,178.3,178.4,393
08/08/2012,182.7,183.35,181.5,181.7,106
08/07/2012,186.5,186.65,183.6,183.6,135
08/06/2012,186.35,187.15,186.3,186.45,77
08/03/2012,183,184.85,182.5,184.85,321
08/02/2012,183.25,183.75,182.5,182.5,159
08/01/2012,185.85,186.15,181.9,185.5,459
07/31/2012,185.75,185.85,185.45,185.45,253
07/30/2012,186.85,189.2,186.85,189.2,204
07/27/2012,186.35,186.35,184,184.55,257
07/26/2012,186.05,187.9,184.3,184.45,337
07/25/2012,185.7,187.15,184.9,186.2,94
07/24/2012,193.55,193.55,185.5,185.7,88
07/23/2012,195.1,195.1,193.1,194.45,117
07/20/2012,199,200.3,195.95,195.95,126
07/19/2012,193.7,198.5,193.7,198.5,114
07/18/2012,190.5,193.7,190.4,192.7,85
07/17/2012,190.85,192.95,190.85,192.8,44
07/16/2012,196,196.3,194.8,194.8,73
07/13/2012,195.2,198.3,194.25,196.8,111
07/12/2012,193.15,193.75,189.75,192.6,83
07/11/2012,195.05,202.2,194.15,194.9,344
07/10/2012,192.05,197.05,191.65,195.15,134
07/09/2012,189.55,193.35,189.5,193.35,40
07/06/2012,191,191,187.55,187.55,47
07/05/2012,190.4,196.95,189.35,191.3,271
07/03/2012,188.95,191.5,188.95,191.35,309
07/02/2012,182.55,185.7,182.55,185.65,152
