Date,Open,High,Low,Close,Volume
07/20/2010,160.65,161.1,156.45,156.45,22
07/19/2010,164.65,164.65,161.75,162,22
07/16/2010,165,165,164.65,164.8,6
07/15/2010,164.35,166.75,164.35,164.8,27
07/14/2010,163,163,162.6,162.6,2
07/13/2010,164.5,164.5,163.25,163.25,6
07/12/2010,159.65,161.15,159.65,161.15,10
07/09/2010,162.05,162.05,161.2,161.2,15
07/08/2010,159.1,159.65,159.1,159.65,10
07/07/2010,156,160.65,155.5,160.65,64
07/06/2010,160.45,161,155,155.5,123
07/02/2010,165.9,165.9,162.3,162.3,29
07/01/2010,164.3,166.2,163.7,166.2,68
06/30/2010,162.25,164.7,160,164.2,105
06/29/2010,166.1,166.1,158.85,161.5,192
06/28/2010,166.45,168,166,166.3,100
06/25/2010,165.85,168.85,164.5,167,146
06/24/2010,160.15,175,160.15,166.75,764
06/23/2010,159.35,159.85,157.5,158.6,206
06/22/2010,158.8,160.25,157.2,159.1,504
06/21/2010,160.45,164.1,156.1,158.95,3812
06/18/2010,155.55,160.85,154.1,160.25,2941
06/17/2010,158.1,159.7,155.4,156.35,4437
06/16/2010,158.55,162.25,156.65,158.75,5200
06/15/2010,150.55,160.7,148,159.35,10090
06/14/2010,144.65,152.45,144.65,150.95,14127
06/11/2010,137,148.5,137,144.95,42726
06/10/2010,134.55,137.7,133.8,137,22081
06/09/2010,134,134.65,133.25,134.45,15858
06/08/2010,133.1,134.1,132.8,133.55,14931
06/07/2010,133.4,133.65,132.55,133.1,11931
06/04/2010,136.1,136.15,133.4,133.75,13923
06/03/2010,135.85,136.3,135,135.6,7221
06/02/2010,136.55,138.1,135.2,135.4,15163
06/01/2010,134,137.6,133.15,136.55,20732
05/28/2010,135,135.45,133.9,134.25,8297
05/27/2010,134,135.15,133.55,134.75,11173
05/26/2010,132.75,135.6,132.6,133.7,10158
05/25/2010,131.9,133.3,130.6,132.75,12739
05/24/2010,132.4,133,131.6,132.25,5763
05/21/2010,132.15,133.05,131.1,132.4,7864
05/20/2010,132.8,133.2,130.25,131.65,18427
05/19/2010,134,134,132.2,132.5,11062
05/18/2010,133.05,134.85,133,134.25,9791
05/17/2010,134.05,134.05,132,132.55,11087
05/14/2010,136.95,137.9,133.1,134.3,17535
05/13/2010,137,137.95,136.5,137.1,6383
05/12/2010,135.9,138.6,135.55,136.85,12634
05/11/2010,133.9,136.85,133.6,136.15,11691
05/10/2010,134.5,134.85,133,134.15,9091
05/07/2010,133.2,134.6,131.25,133.9,14325
05/06/2010,137,137.1,133,133.2,17957
05/05/2010,137.5,137.75,136.55,137.3,8709
05/04/2010,138.55,138.7,136.4,137.5,12610
05/03/2010,135.2,138.65,134.8,138.55,15042
04/30/2010,134.8,135.75,134.15,135.3,8057
04/29/2010,133.9,135,133.2,134.6,9817
04/28/2010,130.85,134.7,130.7,133.9,16547
04/27/2010,132.1,132.4,130.2,130.85,10627
04/26/2010,132.2,133.4,131.85,132.65,7645
04/23/2010,131.65,133.15,131.05,131.95,9752
04/22/2010,131.35,132.1,130.25,131.45,12200
04/21/2010,130.9,131.85,130.35,131.25,15047
04/20/2010,131.3,132.2,130.7,130.9,11297
04/19/2010,130.6,131.6,130.55,130.75,11582
04/16/2010,133,133.75,130.7,130.8,19595
04/15/2010,133.25,133.95,131.65,133.4,14541
04/14/2010,133.85,134.7,133.4,133.5,12120
04/13/2010,135.3,135.75,133.6,133.85,11331
04/12/2010,135.15,135.95,134.85,135.3,14545
04/09/2010,136.75,137.15,134.35,134.5,13765
04/08/2010,138.8,139.25,135.5,136.45,14771
04/07/2010,140.1,140.8,138.25,139.25,5198
04/06/2010,140.5,141.3,139.65,140.85,5195
04/05/2010,139.05,141.45,139.05,141.3,5723
04/01/2010,138,139.55,138,139.05,5074
03/31/2010,140.55,140.6,136.3,137.85,7109
03/30/2010,139.6,140.65,138.85,140.55,7396
03/29/2010,137.5,140,137.5,139.6,5777
03/26/2010,138.1,139.45,137,137.4,2820
03/25/2010,135.85,139,135.75,138.6,6049
03/24/2010,135.7,136.8,134.95,135.95,2671
03/23/2010,134.8,136.45,134.1,136.35,3676
03/22/2010,133.7,135.25,132.55,134.7,1474
03/19/2010,136.45,137.35,132.45,134.2,2018
03/18/2010,134.85,138.45,134.3,137.2,2646
03/17/2010,134.5,135.4,134.35,135.3,1934
03/16/2010,133,135,132.7,134.4,2963
03/15/2010,133.9,134.4,131.35,132.7,1806
03/12/2010,134.9,136.65,133.25,134.05,3734
03/11/2010,134.3,135.5,134.3,135.4,3497
03/10/2010,134.4,135.35,133.5,134.45,2704
03/09/2010,133,135.75,131.95,134.45,2043
03/08/2010,132.4,133.5,131.65,132.8,1642
03/05/2010,132.4,132.95,131.7,132.1,1518
03/04/2010,133.7,133.75,130.5,131.85,2111
03/03/2010,134.05,134.25,132,133.8,649
03/02/2010,133,134.45,132.55,134.05,2282
03/01/2010,132.7,134.65,132,133.45,3158
02/26/2010,132,133.8,131.65,132.9,2196
02/25/2010,133.65,133.7,130,131.5,2463
02/24/2010,134.65,134.8,133.5,134.55,654
02/23/2010,133.9,134.5,133.05,133.9,1416
02/22/2010,138.15,138.15,133,133.6,2032
02/19/2010,136.6,138.7,136.5,138.7,972
02/18/2010,135.6,138.8,135.6,137.9,2939
02/17/2010,137.3,137.3,135.15,136.15,1231
02/16/2010,135.9,137.75,135.2,136.55,1027
02/12/2010,134.2,136.2,133.4,135.8,779
02/11/2010,135.8,136.7,134.9,135.15,1142
02/10/2010,134.5,135.4,132.95,135.3,4006
02/09/2010,134.05,135.5,132.9,133.85,1376
02/08/2010,133,134.7,131.95,134.05,1346
02/05/2010,134.75,134.9,132,132.15,2019
02/04/2010,136.25,136.25,133.3,134.8,1364
02/03/2010,138.5,139.15,135.6,136.2,3964
02/02/2010,137,138.95,135.85,138.4,1829
02/01/2010,135.4,136.2,134.6,135.95,881
01/29/2010,137.25,137.35,135,135.1,1531
01/28/2010,137.2,138.4,135.75,136.5,899
01/27/2010,141.45,142.4,136.95,137.1,1286
01/26/2010,142.6,142.65,140.65,141.8,600
01/25/2010,143,143.7,142.15,142.75,1458
01/22/2010,142.1,144.5,140.8,143,616
01/21/2010,141.65,143.4,141.25,142.05,443
01/20/2010,143.7,143.7,141.9,142.65,867
01/19/2010,145,145.6,144,144.3,392
01/15/2010,146.8,146.8,144,144.15,477
01/14/2010,148.5,149,147.4,147.7,1068
01/13/2010,147,149.35,146.6,148.5,2934
01/12/2010,147.8,148,146.05,146.6,1301
01/11/2010,150,150,146.1,146.95,2118
01/08/2010,145.8,149,145.8,148.7,1507
01/07/2010,144.85,145.35,143.75,145.25,791
01/06/2010,145,145,143.6,144.8,1196
01/05/2010,145.15,145.8,143.65,144.25,538
01/04/2010,141.9,145.2,141.6,145,865
12/31/2009,141.15,141.4,139.05,139.05,234
12/30/2009,140.75,141.5,139.5,139.9,242
12/29/2009,140.75,141.75,139.6,139.6,294
12/28/2009,142.5,143.6,140.2,140.25,433
12/24/2009,144.65,144.65,142.15,142.35,82
12/23/2009,144.5,146,144.5,145.75,179
12/22/2009,148.95,148.95,143.95,145.45,261
12/21/2009,149.5,150,148.1,148.35,578
12/18/2009,149.6,149.6,146.25,148.15,859
12/17/2009,151.1,151.1,148.4,148.95,1418
12/16/2009,150.85,152.1,150.6,151.1,534
12/15/2009,148.75,152.15,148,150.15,1514
12/14/2009,146,149.5,146,148.9,1047
12/11/2009,147.2,147.2,143.6,145.75,575
12/10/2009,146.2,147,145.35,145.85,219
12/09/2009,148.7,149.6,144.3,144.8,635
12/08/2009,149.1,149.25,146.95,147.05,1039
12/07/2009,145.4,150.8,145.15,149.7,1469
12/04/2009,147,147,143.65,144.6,447
12/03/2009,145.9,148.1,145.9,147.8,1009
12/02/2009,145.9,147.25,145.7,146.9,610
12/01/2009,145,147.5,145,145.9,1238
11/30/2009,141.5,146.2,141.5,145.2,1414
11/27/2009,141.25,141.7,138.1,141.5,365
11/25/2009,140.5,142.7,140.45,142.25,459
11/24/2009,140.5,141,139.3,139.55,815
11/23/2009,141.5,142.35,140.65,140.65,250
11/20/2009,140,140,138.95,138.95,559
11/19/2009,142.1,142.1,139.6,140.3,108
11/18/2009,144.1,145.85,143.65,143.75,428
11/17/2009,142.75,142.75,141.6,142.15,142
11/16/2009,140,143.15,139.65,142.9,1380
11/13/2009,137.1,138.35,136.95,137.75,489
11/12/2009,139.2,139.35,136.8,137.25,176
11/11/2009,140.7,141.75,138.7,139.25,601
11/10/2009,145.85,145.95,140.4,140.7,139
11/09/2009,146.65,148.25,146.5,146.5,110
11/06/2009,149.2,149.4,145.35,145.45,342
11/05/2009,147.25,150,147.25,148.5,268
11/04/2009,148.05,149.05,147.35,147.35,179
11/03/2009,147.25,147.8,145.7,147.75,462
11/02/2009,142,148.95,142,148.95,239
10/30/2009,143.6,143.95,141.9,142.1,169
10/29/2009,140.75,143.8,140.75,143.3,275
10/28/2009,142.85,142.85,139.6,141.1,87
10/27/2009,143,143.5,142.75,142.85,87
10/26/2009,145,145,141.25,143,56
10/23/2009,148.75,149.1,142.9,143.55,438
10/22/2009,148.1,149.55,147.5,149.55,607
10/21/2009,147.45,150.05,147.45,150.05,212
10/20/2009,148.25,148.5,146.05,147.65,376
10/19/2009,148,151,148,150.05,307
10/16/2009,143.9,148.6,143.9,148.6,921
10/15/2009,145.45,145.45,143.7,144.1,113
10/14/2009,144.75,145.55,144.75,145.45,83
10/13/2009,144.2,145.8,143,144.75,97
10/12/2009,139.85,145,139.8,144.35,245
10/09/2009,144.05,144.45,141.55,141.65,248
10/08/2009,141.5,145.05,141.4,144.15,366
10/07/2009,140.35,141.5,140.35,140.8,89
10/06/2009,136.95,141.6,136.95,140.25,262
10/05/2009,136.2,136.4,136.2,136.25,64
10/02/2009,134.3,136.35,133.4,136.35,16
10/01/2009,133.45,136,133.35,133.35,114
09/30/2009,132.3,134.65,132.3,134.45,112
09/29/2009,133.2,133.2,132.15,132.25,241
09/28/2009,134,134.55,133.75,133.75,77
09/25/2009,134,136.05,134,134.3,149
09/24/2009,137.45,137.45,135.8,135.8,293
09/23/2009,143.6,144.1,141.8,142.45,76
09/22/2009,141.7,144.25,141.7,144.2,323
09/21/2009,143.5,144.55,141.95,141.95,99
09/18/2009,143,143,140.5,142.5,56
09/17/2009,142,143.45,142,142.55,508
09/16/2009,142,142.8,140,140.8,149
09/15/2009,140.35,141.55,140,141.25,178
09/14/2009,134,140,134,139.7,306
09/11/2009,134,134,133.1,133.1,61
09/10/2009,131.25,131.35,131.2,131.35,35
09/09/2009,132.3,132.4,131.95,131.95,38
09/08/2009,131.25,131.35,131.25,131.35,29
09/04/2009,129.3,131.3,129.3,130.85,12
09/03/2009,127.25,127.45,127.25,127.45,12
09/02/2009,126.9,127.9,126.9,127.9,162
09/01/2009,129,129,126.85,126.85,193
08/31/2009,127.25,128.95,127,128.95,41
08/28/2009,129.55,129.55,128.65,128.9,71
08/27/2009,128.15,128.15,128.15,128.15,21
08/26/2009,128.85,131.15,127.5,131.15,340
08/25/2009,129.1,129.1,128.2,128.2,7
08/24/2009,130,130.05,129,129.2,165
08/21/2009,132.8,132.8,131.7,131.7,86
08/20/2009,132.5,132.5,132.5,132.5,37
08/19/2009,135.25,135.55,135.2,135.55,44
08/18/2009,133.95,135.1,133.95,135.1,36
08/17/2009,135.7,135.85,135.7,135.85,108
08/14/2009,141.5,143.6,138.85,139.25,61
08/13/2009,145.45,145.45,142.05,142.85,38
08/12/2009,145.95,146.75,144.9,145.2,31
08/11/2009,144.95,146.75,144,146.45,506
08/10/2009,147,147.5,144.3,145.1,46
08/07/2009,143.25,146.95,143.25,146.95,155
08/06/2009,142.55,143.9,142.55,143.9,57
08/05/2009,143.05,143.15,140.9,141.1,35
08/04/2009,141.2,143.55,141.2,142.7,158
08/03/2009,137.55,142.8,137.55,142.55,124
07/31/2009,135.2,137.65,135.2,137.65,212
07/30/2009,135.35,135.35,134.5,134.8,548
07/29/2009,132.8,132.8,132.7,132.7,182
07/28/2009,135,135,132.65,132.65,88
07/27/2009,134.5,134.5,133.85,134.4,102
07/24/2009,135,135,133.8,133.85,12
07/23/2009,131.65,135,131.55,134.45,63
07/22/2009,127.4,129.95,127.4,129.95,66
07/21/2009,132.65,132.7,132.1,132.2,103
07/20/2009,131.85,131.85,131.85,131.85,2
07/17/2009,126.8,128.4,126.8,128.4,22
07/16/2009,127.45,127.45,124.75,125.5,162
07/15/2009,127.3,127.95,126.2,127.65,67
07/14/2009,125.3,126.4,124.9,125.3,41
07/13/2009,124.65,124.65,124.65,124.65,1
07/10/2009,124.25,124.25,123.25,124.25,100
07/09/2009,125.95,127.45,124.25,125.4,58
07/08/2009,126.1,126.1,124.7,124.9,98
07/07/2009,126.1,126.25,126.1,126.25,4
07/06/2009,127.55,127.55,127.55,127.55,25
07/02/2009,127.35,127.35,127.35,127.35,4
07/01/2009,128.8,128.8,128.4,128.4,11
