Date,Open,High,Low,Close,Volume
07/19/2011,248.85,248.85,243.75,243.85,2
07/18/2011,249,249.3,248.2,248.2,6
07/15/2011,257.35,259.5,252.55,252.55,19
07/14/2011,263.8,263.8,257.35,257.35,13
07/13/2011,257.8,262.8,257.8,262.8,3
07/12/2011,256.7,256.7,256.7,256.7,11
07/11/2011,257.9,257.9,257.9,257.9,11
07/08/2011,267.7,267.7,262.95,263.15,15
07/07/2011,269.5,269.7,267.35,267.75,4
07/06/2011,265.75,266.85,265.75,266.85,5
07/05/2011,263.5,268.95,263.5,268.95,28
07/01/2011,263.2,264.4,261.1,263.45,34
06/30/2011,264.4,266.2,264.4,265.35,27
06/29/2011,258.9,260.25,254,260.25,99
06/28/2011,250.8,258.2,250,257.9,51
06/27/2011,250.2,250.9,249.1,250.15,74
06/24/2011,249.55,251,245.5,249,97
06/23/2011,244.15,250.7,239.65,247.7,447
06/22/2011,244.9,245.85,242.3,243.75,376
06/21/2011,245,246.85,242.8,243.5,3426
06/20/2011,250.2,250.35,243.45,243.6,8411
06/17/2011,258.25,260.95,249.1,249.55,4909
06/16/2011,263,264.3,257.5,257.9,6258
06/15/2011,267.7,270,260.35,262.65,9603
06/14/2011,268.65,269.7,265,269.25,7767
06/13/2011,269.9,270.65,261.05,267.45,13277
06/10/2011,267.2,268.8,261.55,264.95,14477
06/09/2011,264.8,268.7,264.4,266.8,10450
06/08/2011,262.6,264.8,258,263.85,13732
06/07/2011,260,265.5,260,263,13391
06/06/2011,270.35,270.75,259.5,260.5,15161
06/03/2011,261.25,273.8,256.85,270.95,19647
06/02/2011,255.95,262.65,253.3,261.25,15345
06/01/2011,264.25,264.9,255.25,255.95,22557
05/31/2011,264.7,268.4,263.5,264.6,10428
05/27/2011,266.9,270.3,262.35,263.7,9264
05/26/2011,266.5,267.5,262.15,265.6,11028
05/25/2011,261.4,269.45,259,264.85,12797
05/24/2011,263.4,265.5,260.7,261.2,10003
05/23/2011,259.15,264.65,258.9,262.55,8832
05/20/2011,265,267.95,258.6,259.15,13839
05/19/2011,270.4,271.5,262.45,263.7,15012
05/18/2011,268.15,274.95,267.7,270.05,10591
05/17/2011,264.1,268.4,263.6,266.1,10470
05/16/2011,269.3,272.15,263.05,264.1,13017
05/13/2011,276.8,278,268.65,269.4,13255
05/12/2011,273.65,276.8,270.9,274.95,11871
05/11/2011,283,283.6,272.55,273.15,18866
05/10/2011,288.9,290.45,281.65,282.6,11838
05/09/2011,290,294.25,287,287.4,8780
05/06/2011,287.05,294.9,283.5,287.55,11676
05/05/2011,294.5,295.2,284.1,288.25,18438
05/04/2011,305.2,306.8,291.2,294.5,18767
05/03/2011,305.2,308.9,304,306.15,10706
05/02/2011,299.65,307.2,296.75,305.1,9129
04/29/2011,298.3,301.5,294.7,299.85,6624
04/28/2011,297,303.4,296,299.2,9597
04/27/2011,295.65,298.75,293.5,296.4,7014
04/26/2011,289.55,299.5,286.85,296.3,9977
04/25/2011,296.8,296.9,289.1,290.8,7259
04/21/2011,299.15,300.55,293.75,294.55,8203
04/20/2011,294.25,302.5,294.25,299.45,13993
04/19/2011,287.5,294.65,286,294.25,17650
04/18/2011,291,293.1,285.7,287.4,17098
04/15/2011,285.85,291.65,285.2,291.1,12474
04/14/2011,283.5,287.7,281.6,285.15,16178
04/13/2011,275.75,285.05,275.4,283.7,19240
04/12/2011,275.4,278.65,273.5,276.9,16284
04/11/2011,276.9,279.8,272.8,277.6,14375
04/08/2011,275.65,281.25,274.9,277.85,9022
04/07/2011,267.75,278.7,267.75,275.65,10829
04/06/2011,270.95,271.95,266.9,267.9,5024
04/05/2011,258.2,272.5,256.75,270.95,7894
04/04/2011,262.8,263.5,258.3,258.7,6122
04/01/2011,266.75,268.8,261.45,262.65,6073
03/31/2011,267.4,269.9,264.75,266.75,4353
03/30/2011,265.15,268.2,261.6,267.4,5450
03/29/2011,266.45,266.45,260.3,264.05,6360
03/28/2011,271.65,272,265.45,266.45,4051
03/25/2011,270,272.1,268.7,271.05,2426
03/24/2011,271,271.2,263,268.25,6234
03/23/2011,278,278,270.75,270.95,2723
03/22/2011,279.15,279.8,270.5,275.7,2311
03/21/2011,279.3,283.15,278,279.15,2514
03/18/2011,275.5,280.3,274.85,278.4,2164
03/17/2011,268,276.1,268,273.1,3128
03/16/2011,266.5,274.9,265.9,267.5,2972
03/15/2011,274.35,275.3,263.1,265.1,4669
03/14/2011,276.2,278.1,270.9,275.35,1840
03/11/2011,284,284,274.65,276.45,2179
03/10/2011,295.65,296.95,281,282.5,4036
03/09/2011,289.75,298.15,289.75,296.65,4580
03/08/2011,283.6,289.75,283.55,289.3,3409
03/07/2011,275.45,283.55,275.45,283,3063
03/04/2011,277.2,280.85,273.1,274.6,1768
03/03/2011,271.35,278.25,270.75,276.55,3812
03/02/2011,270.75,274,268.05,271.35,1410
03/01/2011,275,276.95,267.9,271.1,1588
02/28/2011,269.8,277.4,269.5,273.6,1575
02/25/2011,267.2,270.5,266.5,269.55,1119
02/24/2011,272.35,272.35,264.3,266.6,1882
02/23/2011,277.2,277.3,270.7,271.4,1750
02/22/2011,275.75,280.15,272.45,276.2,2758
02/18/2011,270.65,277.4,269.35,274.75,2361
02/17/2011,264.35,271.1,263.75,270.45,1737
02/16/2011,263.7,266.25,259.45,263.35,1616
02/15/2011,263.5,268.25,260.15,262.7,2642
02/14/2011,257,263.9,256.1,263.3,1581
02/11/2011,258.6,258.75,256,256.55,2058
02/10/2011,257.4,259.45,255.15,259.3,1478
02/09/2011,251.2,257.4,251.2,257.15,2483
02/08/2011,253.15,253.8,250.1,251.2,3959
02/07/2011,251.8,255,251.8,253.2,3092
02/04/2011,254.35,254.35,250.5,252.5,1420
02/03/2011,254,256.05,253.4,254.4,1604
02/02/2011,251.35,254.2,250,253.25,1049
02/01/2011,249.55,252.45,248.65,252.2,1523
01/31/2011,248.05,253,246.2,247.7,1265
01/28/2011,239.3,248.6,239.3,247.65,1352
01/27/2011,240.95,244,238.7,239.85,555
01/26/2011,235.35,242.7,235.35,240.45,865
01/25/2011,240,240.9,233.45,234.35,917
01/24/2011,243.3,243.3,239.45,240.25,568
01/21/2011,235.95,244.45,235.95,243.3,1086
01/20/2011,235.45,236.25,230,234.95,865
01/19/2011,238.7,239.4,234.2,235.5,1316
01/18/2011,239.35,240.15,237.4,238.3,596
01/14/2011,240.05,241.7,235,237.45,2144
01/13/2011,242.1,243.25,239.75,240.25,2144
01/12/2011,238.05,246.25,237.75,242.9,3186
01/11/2011,233.45,238.5,233.45,236.85,890
01/10/2011,233.2,236.75,232.95,233.4,1231
01/07/2011,233.15,236.75,232.15,232.6,1548
01/06/2011,237.8,238,233.9,234.55,1006
01/05/2011,234.65,239.05,231.55,234.4,1036
01/04/2011,240.4,240.4,233.2,236.05,1368
12/31/2010,238.25,241.4,238.15,240.65,144
12/30/2010,239,241.8,235.7,236.55,144
12/29/2010,239.75,240.6,235.5,239.9,194
12/28/2010,239,239.75,237,239.5,211
12/27/2010,234.05,238.15,233.95,237.55,136
12/23/2010,233.9,237.45,229.7,236.05,529
12/22/2010,234.05,241,229.05,230.2,888
12/21/2010,224.85,234.85,224,233.9,1920
12/20/2010,225,226.55,224,224.9,384
12/17/2010,218,226.25,218,225.4,918
12/16/2010,218.75,218.75,214.7,217.05,635
12/15/2010,216.95,220.55,215.65,217.8,619
12/14/2010,218.05,220.25,216,217.05,495
12/13/2010,210,218.1,210,218.1,380
12/10/2010,205.45,210.6,204.7,210.3,792
12/09/2010,206.4,207.3,205,205.35,386
12/08/2010,206.55,208.6,201.9,205.2,394
12/07/2010,209.45,211,208,208.25,468
12/06/2010,204,209.7,204,208.6,295
12/03/2010,204.4,206.45,204.25,204.65,634
12/02/2010,203.15,204.6,201.75,203.8,137
12/01/2010,201.65,205.4,200.5,203.65,383
11/30/2010,202.85,202.85,200.2,201.25,181
11/29/2010,202.5,203.25,199,202.5,205
11/26/2010,207.35,207.35,202,202.45,450
11/24/2010,210.55,211.7,206.9,207.15,81
11/23/2010,204.6,210.15,204.15,210.15,236
11/22/2010,212,212.3,206.25,206.85,174
11/19/2010,210,210.25,207.4,210.25,145
11/18/2010,203.3,210.65,203.3,210.2,306
11/17/2010,198.3,202.55,197.95,202.25,131
11/16/2010,199.7,207.2,199.7,199.8,63
11/15/2010,207.9,207.9,204.8,206.55,111
11/12/2010,208.3,208.3,202.6,202.95,365
11/11/2010,213.5,214.8,207.9,209.15,187
11/10/2010,218.75,220,213.1,213.85,231
11/09/2010,210,219.2,210,218.85,467
11/08/2010,206.35,210.3,206.35,209.7,468
11/05/2010,206.6,206.75,204.45,206.25,301
11/04/2010,198.95,208.35,198.95,206.4,564
11/03/2010,199.8,201.45,195,197.3,411
11/02/2010,200.8,200.85,200.15,200.5,118
11/01/2010,203.55,203.55,198.55,198.6,24
10/29/2010,197,203.9,197,203.8,280
10/28/2010,201,201.9,196.9,197.1,242
10/27/2010,201.7,203,200.3,200.3,65
10/26/2010,199.75,203.55,199.2,201.6,179
10/25/2010,201,201.1,199.75,199.75,56
10/22/2010,199.55,200,196.5,197.6,95
10/21/2010,196,201,196,199.55,167
10/20/2010,192.3,197,192.3,196.8,486
10/19/2010,186.75,192.5,185.9,192.3,605
10/18/2010,187.9,188.75,186.35,186.35,49
10/15/2010,187.9,189,185.5,186.9,202
10/14/2010,186.9,187.9,186,187.9,127
10/13/2010,187.5,188,185.55,186.1,86
10/12/2010,183,188,183,185.75,110
10/11/2010,181.65,183.05,177.2,179.4,112
10/08/2010,173.9,183.05,173.9,183.05,319
10/07/2010,178.05,178.05,174.75,174.75,764
10/06/2010,177.7,177.75,176.7,176.85,133
10/05/2010,174.65,178.65,174.25,178.65,187
10/04/2010,180.8,180.8,173.55,174.1,242
10/01/2010,183.85,185.95,182.25,182.25,82
09/30/2010,182.5,183.5,181.15,183.35,74
09/29/2010,188.3,188.3,184.25,186.1,62
09/28/2010,183.25,190.25,183.25,188.85,293
09/27/2010,181.5,184.4,181.5,182.6,191
09/24/2010,182.45,182.45,180.45,180.85,78
09/23/2010,181.1,182.85,179.65,181.6,347
09/22/2010,183.5,186.75,180,180.05,624
09/21/2010,183.15,185.25,182.25,182.8,479
09/20/2010,189.7,189.7,181.75,182.2,156
09/17/2010,189.9,191.75,188.35,188.5,275
09/16/2010,192.8,195.3,189.65,190.2,141
09/15/2010,191.6,193,191.6,192.6,108
09/14/2010,189.8,195,189.8,193.55,70
09/13/2010,188.75,190.7,187.75,187.95,44
09/10/2010,189.1,191.65,186.25,188.4,79
09/09/2010,191.2,192,189.35,189.35,60
09/08/2010,192.15,195.25,190,192.1,175
09/07/2010,183.45,190,179.8,189.55,99
09/03/2010,182.6,185,182.4,183.6,49
09/02/2010,182,183.5,182,182.05,59
09/01/2010,177.75,181,177.75,179.85,79
08/31/2010,180,180.65,175.4,176.4,37
08/30/2010,179,181.85,178.65,179.15,44
08/27/2010,171.9,179,171.9,176.95,282
08/26/2010,167.6,170.85,166.75,170.85,101
08/25/2010,166,168,164.4,165.25,159
08/24/2010,174.65,174.65,167.4,167.4,128
08/23/2010,182.75,185.75,181,181.3,34
08/20/2010,178.85,183.55,178.75,183.05,157
08/19/2010,178.15,180,177.25,178.8,128
08/18/2010,177.95,179.25,177.35,177.5,109
08/17/2010,178.45,180,177.35,177.8,244
08/16/2010,176,179.9,176,178.45,132
08/13/2010,176.05,176.4,173.15,174.75,130
08/12/2010,172,177,171.3,174.5,143
08/11/2010,170.7,170.9,170.1,170.65,72
08/10/2010,169.75,169.9,169.65,169.9,75
08/09/2010,168.65,169.6,166.2,169.6,51
08/06/2010,168.45,168.6,166.95,167.3,14
08/05/2010,169.7,171.45,169.45,169.45,76
08/04/2010,169.4,169.85,169,169.35,25
08/03/2010,170.6,173.05,165.5,166.1,132
08/02/2010,175.25,179,171.55,171.7,71
07/30/2010,172.85,176.6,172.5,175.35,188
07/29/2010,168.2,173.9,168.2,172.5,119
07/28/2010,164.75,168,164.15,167.6,122
07/27/2010,165.9,166.05,164.15,164.15,30
07/26/2010,165.9,165.9,165.9,165.9,32
07/23/2010,161.85,166.8,161.3,165.7,81
07/22/2010,158.4,161.5,158.4,161.5,86
07/21/2010,159.1,159.1,157.6,157.6,38
07/20/2010,158.7,158.7,158.7,158.7,30
07/19/2010,163.55,164.65,162.95,163.7,39
07/16/2010,167,168.15,165.65,166.4,51
07/15/2010,165,167.75,165,165.95,149
07/14/2010,164.35,164.35,164.2,164.2,16
07/13/2010,162.65,165.15,162.65,164.85,70
07/12/2010,163.3,163.3,162.9,162.9,21
07/09/2010,166,166.1,163.45,163.45,20
07/08/2010,162.5,162.5,161.85,161.85,56
07/07/2010,162.15,162.7,162.1,162.7,73
07/06/2010,160.8,160.8,157.75,157.75,55
07/02/2010,164,165.8,163.75,163.95,163
07/01/2010,163.95,167.95,163.95,167.4,66
