Date,Open,High,Low,Close,Volume
07/19/2012,188.2,188.2,188.2,188.2,20
07/18/2012,182,182,179.9,181.4,20
07/17/2012,182.15,182.15,180.7,180.75,5
07/16/2012,186.8,186.8,180.6,182.55,8
07/13/2012,184.15,184.45,184.15,184.45,14
07/12/2012,181.75,182.15,179.05,181.15,12
07/11/2012,183.6,190.35,182.7,182.7,34
07/10/2012,181.05,183.75,181.05,183.75,7
07/09/2012,176.9,181.75,176.9,181.75,10
07/06/2012,179.35,179.75,175.9,175.9,30
07/05/2012,180,184.8,178.25,179.25,30
07/03/2012,175,180.1,174.8,180.1,32
07/02/2012,172.8,174.3,172.5,174.3,17
06/29/2012,164,170.1,164,170.1,69
06/28/2012,163.2,163.35,161,163,59
06/27/2012,164.95,168.1,163.4,164.5,129
06/26/2012,159,165.4,157.35,165.4,185
06/25/2012,154.7,159,153.75,158.7,277
06/22/2012,158.15,158.15,152.5,155.15,416
06/21/2012,150.75,158.15,150,157.75,1090
06/20/2012,156,159.15,150,150.75,10328
06/19/2012,149.7,156.7,148.55,156.6,8445
06/18/2012,150.7,150.9,148.2,149.55,7611
06/15/2012,149.5,151.2,149.25,150.05,7455
06/14/2012,152.3,152.3,148.85,149.2,12007
06/13/2012,154.55,155.15,151.85,152.5,16405
06/12/2012,154.5,155.5,153.3,154.2,20332
06/11/2012,155.7,157.9,153.7,155.1,19040
06/08/2012,156.65,157.7,154.6,155.6,12848
06/07/2012,156.2,158.1,154.25,156.65,14638
06/06/2012,156.45,158.9,155.5,155.9,12006
06/05/2012,158,159.35,155.9,156.2,11782
06/04/2012,157.9,158.95,154.65,158.45,12435
06/01/2012,160.65,161.25,156.5,157.5,14783
05/31/2012,164.2,165.45,160.15,160.65,16365
05/30/2012,165.4,166.4,162.3,164.4,19135
05/29/2012,168.45,169.45,164.75,165.4,13278
05/25/2012,166.45,168.55,165.45,167.8,11995
05/24/2012,167,169.6,165.3,166.9,12904
05/23/2012,173.5,173.5,165.1,166.9,26153
05/22/2012,176,177,172.85,174.5,16378
05/21/2012,179,181.35,174.3,175.15,12379
05/18/2012,178.3,181.85,177.7,179.15,11053
05/17/2012,177.5,180.8,176.4,180.1,10018
05/16/2012,176.75,182.15,175.5,178,15590
05/15/2012,177.95,181.6,177.05,178.4,13290
05/14/2012,176.7,178.3,173.9,177.95,10339
05/11/2012,177.65,179.15,175.6,177.15,8407
05/10/2012,175.55,179.6,174.85,178.65,11269
05/09/2012,175.25,176.6,172.2,175.05,12121
05/08/2012,174.8,177.45,173.85,174.95,8681
05/07/2012,174.6,176.2,173.6,175.2,7334
05/04/2012,176,177.75,174.25,174.6,8685
05/03/2012,182,184.4,175.4,175.8,14069
05/02/2012,183.7,185.4,181.25,182.75,10558
05/01/2012,179.4,184.6,177.15,184.15,15255
04/30/2012,176.4,179.9,175.65,179.55,8819
04/27/2012,175.35,177.95,175.3,176.5,7706
04/26/2012,176.85,178.25,175.55,175.85,8148
04/25/2012,183.5,185.7,175.25,176.75,19184
04/24/2012,179,184.5,179,183.5,12772
04/23/2012,179.05,180.6,176.6,178.95,9992
04/20/2012,175.45,179.65,175.4,178.95,10657
04/19/2012,175,177.3,174.35,175.65,10196
04/18/2012,174.55,176.15,174.1,175,12815
04/17/2012,176.4,178.4,174.05,174.7,16234
04/16/2012,180,181.35,173.9,175.85,23470
04/13/2012,184.25,187.1,179.15,180.2,20973
04/12/2012,182.6,184.65,180.75,184.25,20559
04/11/2012,180.9,185,180.15,182.65,19047
04/10/2012,181,184.7,180.05,180.45,13173
04/09/2012,185.75,185.95,180.1,180.55,7706
04/05/2012,186.65,187.6,183.45,185.5,9073
04/04/2012,186.75,193,181.6,187.35,12656
04/03/2012,188.4,188.6,185,188.05,7091
04/02/2012,184.5,189.35,182.9,188.85,8197
03/30/2012,179.2,186.5,179.2,185,8662
03/29/2012,183.9,185.9,178.6,179.15,7612
03/28/2012,188.95,190.25,184,184.7,6548
03/27/2012,181.05,190.05,181.05,189.85,11307
03/26/2012,181,183.05,180.5,181.4,7432
03/23/2012,179.2,182,178.1,181.55,5234
03/22/2012,186.55,187.8,177.3,179.75,8693
03/21/2012,185.7,191.05,185.25,187.35,4233
03/20/2012,185.7,188.25,185.15,186.35,4080
03/19/2012,184.9,188,184.9,186.3,5896
03/16/2012,188.2,189.15,184.45,185.2,5991
03/15/2012,185.2,188.35,185.2,188,2740
03/14/2012,188.65,188.8,185.35,186.3,3166
03/13/2012,186.65,189.25,185.95,188.8,3932
03/12/2012,188.2,188.2,183.85,187.45,4753
03/09/2012,192,192.1,188.3,188.9,2714
03/08/2012,190.2,194.55,187.85,192.1,4615
03/07/2012,196.2,197.05,188.9,191.25,6424
03/06/2012,203.85,204,195.35,195.8,6476
03/05/2012,204.15,205.05,201.8,204.3,3188
03/02/2012,207.6,207.6,203.5,204.45,3170
03/01/2012,206.1,207.6,204.6,206.75,3609
02/29/2012,208.8,208.95,204.4,206,2757
02/28/2012,207.35,210,205,209.05,3123
02/27/2012,206.6,208,204.25,207.35,2425
02/24/2012,205,207.05,204.8,206.45,4278
02/23/2012,204.5,208.25,204.25,204.8,2521
02/22/2012,208.5,209,204.4,204.7,1639
02/21/2012,205.2,209.5,203.35,208.9,2241
02/17/2012,204.95,205.9,203.1,205.3,2998
02/16/2012,205.5,207,200.95,204.2,2524
02/15/2012,209.45,210.7,203.4,205.5,5579
02/14/2012,216.9,218.5,208.25,209.1,4577
02/13/2012,220.9,222.4,215.7,217.55,6112
02/10/2012,221.2,223,219.5,220.35,3230
02/09/2012,226.2,227.3,219.9,221.15,2503
02/08/2012,227,227.95,224.7,225.45,3438
02/07/2012,225.05,227.9,222.2,226.6,4846
02/06/2012,220.85,225.7,219.6,224.75,3564
02/03/2012,222.05,224.3,220.7,221.9,2656
02/02/2012,220.2,221.9,216.8,221.5,3889
02/01/2012,220.5,220.95,219,220.05,1612
01/31/2012,222.25,224.75,219,220.9,2295
01/30/2012,222.9,222.9,220.7,222.25,1350
01/27/2012,225.2,225.35,222.55,223,1310
01/26/2012,224.05,226.6,223.1,225.35,1590
01/25/2012,226.9,226.9,222.7,223.05,2529
01/24/2012,225.75,226.75,223.6,226.4,2016
01/23/2012,230,230.95,224,225.45,1928
01/20/2012,233,233.65,230.1,231.4,1869
01/19/2012,230.55,232.5,229.8,232.5,3985
01/18/2012,231.05,232.3,228.3,230.6,845
01/17/2012,232.4,234.45,226.9,230.85,2107
01/13/2012,239.3,241.8,230,230.8,1842
01/12/2012,238.8,243.6,237.6,239.3,1991
01/11/2012,230.6,240.5,230.35,240.15,1785
01/10/2012,226.95,231.55,226.9,231.45,1135
01/09/2012,225.95,228.8,223.8,227.3,1010
01/06/2012,223.9,227.65,222,227.15,1030
01/05/2012,231.8,231.8,223.5,224.85,1626
01/04/2012,232.5,234,230.4,232.05,2776
01/03/2012,232.1,232.8,228.2,232.5,847
12/30/2011,229.45,232.6,229.45,232.2,654
12/29/2011,231,232,229.45,229.45,132
12/28/2011,228,234.2,228,231.95,380
12/27/2011,225.7,228.1,225.45,228.05,261
12/23/2011,226.1,226.7,223.55,224.95,228
12/22/2011,224.6,228.25,224,226.6,403
12/21/2011,226.35,226.35,224.3,225.25,571
12/20/2011,225.2,228.75,224.15,227.95,753
12/19/2011,220.45,224.95,217.65,224.6,1053
12/16/2011,222.95,223.7,219.65,220.45,969
12/15/2011,224.5,225.4,221.95,223.15,806
12/14/2011,228.2,228.2,222.75,223.4,774
12/13/2011,227.6,229.4,226.15,228.2,733
12/12/2011,230.9,230.9,225.65,226.45,1641
12/09/2011,233.85,236.15,231,232.8,523
12/08/2011,235.25,236,232.3,233.65,882
12/07/2011,239.65,239.95,234.2,234.75,436
12/06/2011,239.7,241.3,238,240.35,548
12/05/2011,236.35,241.75,235.15,241,1009
12/02/2011,240.85,242.1,230,234.1,686
12/01/2011,238.45,242.55,238.1,239.95,571
11/30/2011,231.5,241.1,231.05,241,445
11/29/2011,231.75,235.7,231.5,231.8,624
11/28/2011,236.8,241.35,231.75,231.95,1020
11/25/2011,238.55,238.55,236.3,236.45,760
11/23/2011,239.9,244.55,239.25,239.4,1603
11/22/2011,241.95,241.95,239.1,240.95,230
11/21/2011,242.1,242.2,240.85,241.15,282
11/18/2011,239.95,244.2,239.95,242.8,363
11/17/2011,242.25,243.9,239.9,240.35,403
11/16/2011,244,245.35,242.4,243.1,679
11/15/2011,238.25,247.15,238.25,246.7,435
11/14/2011,245,245.05,235.25,238.15,361
11/11/2011,237.1,242,237.05,241.2,716
11/10/2011,235.8,239,235.8,237,619
11/09/2011,235.15,237.4,233.85,236.9,779
11/08/2011,242.05,243.35,235.45,236.2,396
11/07/2011,237.55,243.1,236.4,240,258
11/04/2011,234.65,238.1,233.25,237.4,148
11/03/2011,231.2,236,231.2,234.1,558
11/02/2011,234.2,234.25,230.9,231.2,689
11/01/2011,232.6,232.9,227.5,230.7,1523
10/31/2011,235.75,235.75,231.7,233.25,421
10/28/2011,239.7,241.85,237.7,240.55,484
10/27/2011,242.55,245.4,239.2,239.6,377
10/26/2011,245.3,245.65,239.05,239.05,342
10/25/2011,256.2,256.2,241.85,242.15,426
10/24/2011,250,255.45,248,255.1,413
10/21/2011,238.65,250.05,238.45,248.7,440
10/20/2011,240,240.75,235.7,237.1,177
10/19/2011,240.1,244.25,240.1,241.7,305
10/18/2011,239.15,241.75,236.75,237.6,223
10/17/2011,247.7,249.3,236,240.25,351
10/14/2011,243.85,247.3,241.6,245.65,700
10/13/2011,235.65,245.05,235.65,243.9,186
10/12/2011,232.1,236.15,232.1,236,203
10/11/2011,231.75,232.1,228.45,230.25,591
10/10/2011,232.4,237.45,231.6,232.55,134
10/07/2011,240.8,241.25,230,230.45,126
10/06/2011,237.2,241.05,236.7,239.9,86
10/05/2011,236,236,232.55,233.1,99
10/04/2011,230.25,234.1,227.75,231.7,1077
10/03/2011,236,236,227.5,229.25,564
09/30/2011,236.5,237.7,233.75,234,588
09/29/2011,239.2,239.2,236.25,236.35,222
09/28/2011,241.75,243.75,238.95,239.05,494
09/27/2011,242.55,248.35,242.55,245,231
09/26/2011,238,244,236.95,240.3,418
09/23/2011,245,245,234.75,235.15,264
09/22/2011,252.35,252.35,239,242.5,407
09/21/2011,260.4,260.4,254.65,255,319
09/20/2011,267.25,268.15,262.4,263,156
09/19/2011,263,265.8,262.7,265.05,206
09/16/2011,264.45,266.05,259.05,263.1,99
09/15/2011,269.2,269.45,263.15,263.2,160
09/14/2011,270.4,273,267.05,267.95,280
09/13/2011,272.7,274,272.15,272.75,117
09/12/2011,271.7,276.45,271.7,273.8,82
09/09/2011,282.05,282.05,271.45,273.1,163
09/08/2011,284.95,286.45,284.7,286.45,186
09/07/2011,283.55,286.25,283.55,286.2,343
09/06/2011,282.4,282.8,278.8,282.55,159
09/02/2011,287.8,290.4,285.1,289.15,204
09/01/2011,288,290.75,286.8,290.05,74
08/31/2011,287,289.15,285.3,288.9,227
08/30/2011,284.05,287,282.35,287,368
08/29/2011,281.15,285.3,281.15,285.3,151
08/26/2011,280,280.65,276.8,280.3,421
08/25/2011,277.25,278.75,275.45,276.85,168
08/24/2011,275.3,278.65,274.75,275.15,271
08/23/2011,271.5,273.9,271.35,273.35,253
08/22/2011,272.6,274.25,268.8,270.25,95
08/19/2011,268.75,271.45,268.6,271.45,60
08/18/2011,268.75,269.75,263.7,269.75,78
08/17/2011,256.95,268.4,256.95,268.05,155
08/16/2011,249.9,257.05,249.9,257.05,81
08/15/2011,250,252.95,250,251.7,139
08/12/2011,248.45,248.95,245.55,246.7,216
08/11/2011,243.45,247.45,241.3,247.2,255
08/10/2011,245,245.1,241.25,242.65,212
08/09/2011,242,244.8,241.35,243.5,222
08/08/2011,242.35,243.1,240.65,243.1,104
08/05/2011,250,252.9,244.75,246.35,280
08/04/2011,248.8,248.95,244,244.45,56
08/03/2011,253.3,253.3,249.2,249.9,242
08/02/2011,251,254,251,251.95,188
08/01/2011,250,250.55,249.7,250.55,159
07/29/2011,248.65,250,248.65,249,66
07/28/2011,248.4,251.95,247.9,248.65,58
07/27/2011,250,251.7,249.6,251.7,177
07/26/2011,256.05,256.45,251.35,253.85,57
07/25/2011,251.45,252.45,251.45,251.65,70
07/22/2011,246.8,250.4,246.8,250.3,11
07/21/2011,250.65,250.8,248.3,249.25,33
07/20/2011,252.4,253.5,249.45,251.55,110
07/19/2011,259.9,259.9,251.3,251.85,137
07/18/2011,258.05,258.15,255.6,255.6,14
07/15/2011,266.35,266.4,260.15,260.15,63
07/14/2011,265.5,265.5,265.5,265.5,114
07/13/2011,269.65,271.8,269.15,270.25,205
07/12/2011,265.4,265.6,264.2,265.6,67
07/11/2011,269.45,269.45,265.95,265.95,19
07/08/2011,272.5,273.75,269,269.05,213
07/07/2011,273.15,276.25,273.15,273.5,60
07/06/2011,273.65,274,272,272.75,50
07/05/2011,274.35,275.6,273.3,275.55,74
07/01/2011,268,271.65,266.3,271.45,66
