Date,Open,High,Low,Close,Volume
06/30/2009,17,17.25,16.43,16.81,21742
06/29/2009,16.36,17,16.26,16.93,21742
06/26/2009,16.67,16.69,16.2,16.26,19992
06/25/2009,16,16.67,15.9,16.65,23201
06/24/2009,15.8,16.21,15.7,15.94,29830
06/23/2009,15,15.89,14.99,15.86,44838
06/22/2009,14.99,15.1,14.77,15.07,41209
06/19/2009,14.89,15.03,14.88,15,29828
06/18/2009,15.08,15.19,14.84,14.87,24662
06/17/2009,14.83,15.06,14.7,14.99,32344
06/16/2009,14.96,15.14,14.76,14.8,34993
06/15/2009,15.2,15.2,14.79,14.86,53761
06/12/2009,15.45,15.45,15.11,15.2,38823
06/11/2009,15.4,15.5,15.2,15.35,55833
06/10/2009,15.51,15.67,15.32,15.38,56817
06/09/2009,15.46,15.65,15.34,15.56,56888
06/08/2009,15.5,15.5,15.17,15.37,64542
06/05/2009,15.12,15.72,15.06,15.53,87743
06/04/2009,15,15.32,14.95,15.24,71809
06/03/2009,15.45,15.47,14.81,14.89,122216
06/02/2009,15.8,15.88,15.4,15.44,78375
06/01/2009,15.69,15.94,15.63,15.85,37779
05/29/2009,15.5,15.81,15.26,15.58,55421
05/28/2009,15.72,15.77,15.4,15.64,50358
05/27/2009,15.7,15.93,15.51,15.77,47747
05/26/2009,15.6,16.05,15.48,15.94,63237
05/22/2009,15.65,15.79,15.46,15.7,35869
05/21/2009,15.4,15.65,15.11,15.62,40241
05/20/2009,15.55,15.67,15.17,15.38,57433
05/19/2009,15.51,15.91,15.37,15.63,55471
05/18/2009,14.95,15.63,14.95,15.61,49092
05/15/2009,15.51,15.53,14.9,14.95,64416
05/14/2009,15.38,15.56,15.19,15.47,42016
05/13/2009,15.72,15.76,15.32,15.4,53767
05/12/2009,15.6,16.03,15.44,15.72,76445
05/11/2009,15.35,15.69,15.06,15.61,56868
05/08/2009,15.47,15.55,15.21,15.27,50061
05/07/2009,15.36,15.6,15.24,15.49,49688
05/06/2009,15.09,15.41,14.96,15.36,54202
05/05/2009,15,15.27,14.73,15.15,64194
05/04/2009,14.99,15.1,14.75,15.02,35441
05/01/2009,14.36,15.13,14.27,15.05,82412
04/30/2009,14.08,14.4,14.02,14.36,58280
04/29/2009,14.07,14.15,13.83,14.08,49929
04/28/2009,13.9,14.1,13.76,14.04,58346
04/27/2009,13.9,14.15,13.82,13.89,55553
04/24/2009,13.64,14.2,13.56,14.18,102184
04/23/2009,13.6,13.77,13.53,13.67,49292
04/22/2009,13.44,13.65,13.36,13.55,52604
04/21/2009,13.32,13.52,13.06,13.43,71332
04/20/2009,13.64,13.7,13.27,13.32,45080
04/17/2009,13.4,13.82,13.25,13.66,74702
04/16/2009,13.56,13.57,13.27,13.35,49438
04/15/2009,13.7,13.74,13.47,13.56,43598
04/14/2009,13.8,13.85,13.56,13.67,59534
04/13/2009,13.4,13.79,13.37,13.77,70607
04/09/2009,12.99,13.35,12.99,13.31,59435
04/08/2009,12.84,13.04,12.78,12.95,52259
04/07/2009,12.97,13.01,12.74,12.88,40307
04/06/2009,13.52,13.52,12.74,12.85,45253
04/03/2009,13.46,13.68,13.11,13.17,29712
04/02/2009,13.39,13.71,13.31,13.63,43106
04/01/2009,13.3,13.61,13.24,13.33,28619
03/31/2009,13.15,13.38,13.14,13.33,26572
03/30/2009,13.35,13.35,13.12,13.16,19818
03/27/2009,13.59,13.59,13.2,13.32,21358
03/26/2009,13.5,13.68,13.38,13.42,18906
03/25/2009,13.61,13.7,13.38,13.51,25795
03/24/2009,13.92,13.92,13.5,13.61,36270
03/23/2009,13.85,14.09,13.78,13.86,16765
03/20/2009,13.9,14,13.83,13.97,17796
03/19/2009,13.7,14.09,13.7,13.99,31226
03/18/2009,13.45,13.74,13.41,13.63,20076
03/17/2009,13.34,13.52,13.12,13.47,19908
03/16/2009,13.24,13.38,13.16,13.35,11108
03/13/2009,13.39,13.5,13.19,13.26,21493
03/12/2009,13.17,13.44,13.04,13.41,13430
03/11/2009,12.95,13.26,12.93,13.16,10468
03/10/2009,12.8,13.03,12.78,12.93,9937
03/09/2009,13.15,13.15,12.74,12.82,9745
03/06/2009,13.2,13.41,13.02,13.09,10559
03/05/2009,13.59,13.59,12.97,13.14,14653
03/04/2009,13.02,13.59,13,13.49,17781
03/03/2009,13.07,13.19,12.88,12.98,20561
03/02/2009,13.88,13.93,12.97,13,31618
02/27/2009,13.98,13.98,13.83,13.87,18857
02/26/2009,13.59,14,13.49,13.99,20653
02/25/2009,13.4,13.6,13.29,13.55,12559
02/24/2009,13.12,13.39,13.12,13.32,8312
02/23/2009,13.34,13.38,13.16,13.17,4417
02/20/2009,13.3,13.38,13.11,13.22,9944
02/19/2009,13.11,13.57,13.07,13.32,14153
02/18/2009,13.4,13.4,13.05,13.14,7619
02/17/2009,13.69,13.69,13.25,13.43,8166
02/13/2009,13.57,13.69,13.57,13.67,7538
02/12/2009,13.63,13.65,13.3,13.61,10957
02/11/2009,13.57,13.64,13.49,13.62,5952
02/10/2009,13.62,13.67,13.45,13.59,7220
02/09/2009,13.56,13.67,13.51,13.62,10237
02/06/2009,13.32,13.59,13.32,13.5,12227
02/05/2009,13,13.4,12.85,13.37,15728
02/04/2009,13.05,13.07,12.9,13,7343
02/03/2009,13.11,13.37,13.05,13.07,8120
02/02/2009,13.14,13.31,13.02,13.16,0
