Date,Open,High,Low,Close,Volume
06/30/2008,11.44,12.04,11.26,12.04,9337
06/27/2008,11.65,11.9,11.31,11.38,9337
06/26/2008,11.55,11.8,11.37,11.68,28174
06/25/2008,11.61,11.61,11.17,11.48,30863
06/24/2008,11.6,11.89,11.49,11.56,28462
06/23/2008,11.95,12.18,11.54,11.71,23615
06/20/2008,11.52,12.07,11.51,11.97,30036
06/19/2008,11.65,11.74,11.51,11.58,30258
06/18/2008,11.06,11.72,11.06,11.6,38583
06/17/2008,10.88,11.13,10.81,11.06,43960
06/16/2008,10.54,11.06,10.53,10.84,62095
06/13/2008,10.47,10.67,10.38,10.54,64858
06/12/2008,10.6,10.7,10.28,10.41,79337
06/11/2008,9.95,10.66,9.84,10.59,124458
06/10/2008,9.7,9.9,9.66,9.8,76959
06/09/2008,9.84,10.02,9.67,9.7,88221
06/06/2008,9.63,10.15,9.63,9.74,99451
06/05/2008,9.56,9.93,9.44,9.56,79620
06/04/2008,9.73,9.78,9.46,9.52,72094
06/03/2008,10.3,10.34,9.64,9.71,74502
06/02/2008,10.02,10.59,9.94,10.31,65864
05/30/2008,9.97,10.08,9.82,10.02,45567
05/29/2008,10.14,10.22,9.84,9.97,63847
05/28/2008,10.07,10.43,10.04,10.11,60855
05/27/2008,10.12,10.22,9.93,10.07,53875
05/23/2008,10.39,10.4,9.99,10.01,39673
05/22/2008,10.6,10.72,10.24,10.43,48523
05/21/2008,10.73,10.86,10.56,10.6,65896
05/20/2008,10.75,10.84,10.51,10.63,53055
05/19/2008,11.22,11.33,10.68,10.86,51841
05/16/2008,11,11.25,10.96,11.13,34829
05/15/2008,11.05,11.23,10.96,11,32299
05/14/2008,11.12,11.12,10.85,11.05,56387
05/13/2008,11.65,11.69,11.08,11.16,58033
05/12/2008,11.61,11.73,11.48,11.65,30540
05/09/2008,11.4,11.8,11.4,11.61,36575
05/08/2008,11.72,11.92,11.33,11.46,63429
05/07/2008,11.8,11.83,11.58,11.73,45852
05/06/2008,11.48,11.85,11.38,11.82,40413
05/05/2008,11.47,11.6,11.28,11.48,26838
05/02/2008,11.35,11.52,11.12,11.49,43345
05/01/2008,11.92,12.13,11.18,11.35,71609
04/30/2008,11.87,12.03,11.74,11.81,58954
04/29/2008,12.05,12.12,11.76,11.87,60937
04/28/2008,12.3,12.45,11.91,12.06,77913
04/25/2008,12.35,12.46,12.07,12.25,54442
04/24/2008,12.77,12.82,12.23,12.29,63373
04/23/2008,12.9,12.98,12.62,12.75,43591
04/22/2008,12.55,12.99,12.5,12.95,57947
04/21/2008,13.2,13.24,12.54,12.59,66824
04/18/2008,13.36,13.36,12.86,13.29,58802
04/17/2008,13.36,13.53,13.24,13.3,42859
04/16/2008,13.38,13.59,13.17,13.34,48667
04/15/2008,13.12,13.37,13.09,13.31,73461
04/14/2008,12.98,13.2,12.85,13.01,51936
04/11/2008,13.04,13.15,12.9,12.94,59995
04/10/2008,13.05,13.31,12.78,13.08,82390
04/09/2008,12.44,13.06,12.37,12.93,77801
04/08/2008,12.71,12.75,12.34,12.43,62700
04/07/2008,12.12,12.75,12.12,12.63,56683
04/04/2008,12.29,12.42,12.01,12.06,22732
04/03/2008,12.2,12.37,12.13,12.28,19031
04/02/2008,11.98,12.32,11.86,12.23,28835
04/01/2008,12.12,12.21,11.71,11.97,30852
03/31/2008,12.11,12.48,12,12.12,31053
03/28/2008,12.37,12.49,12.04,12.12,7025
03/27/2008,12.58,12.64,12.32,12.5,15765
03/26/2008,12.77,12.79,12.51,12.58,26256
03/25/2008,12.26,12.86,12.23,12.49,17126
03/24/2008,12.16,12.39,11.96,12.26,16746
03/20/2008,12.22,12.3,11.6,12.23,42118
03/19/2008,12.59,12.59,11.88,12.13,38983
03/18/2008,12.7,12.77,12.37,12.58,18078
03/17/2008,13.7,13.7,12.15,12.42,40647
03/14/2008,13.92,14.04,13.47,13.86,26868
03/13/2008,13.45,13.91,13.39,13.87,21147
03/12/2008,13.7,13.72,13.32,13.47,17056
03/11/2008,13.4,13.89,13.37,13.72,19835
03/10/2008,13.5,13.54,13.13,13.34,24107
03/07/2008,13.88,14.08,13,13.62,39439
03/06/2008,14.69,14.86,13.77,13.85,24752
03/05/2008,14.49,14.98,14.32,14.77,20084
03/04/2008,15.18,15.18,14.28,14.54,29854
03/03/2008,14.71,15.21,14.71,15.18,20820
02/29/2008,14.76,14.95,14.73,14.75,7354
02/28/2008,14.56,14.79,14.56,14.76,22651
02/27/2008,14.6,14.83,14.41,14.78,31065
02/26/2008,14.57,14.74,14.54,14.69,24216
02/25/2008,14.31,14.44,14.29,14.38,16691
02/22/2008,14.38,14.38,14.38,14.38,16620
02/21/2008,14.49,14.6,14.33,14.53,31773
02/20/2008,14.22,14.27,14.15,14.25,14050
02/19/2008,14.12,14.3,14.12,14.27,28694
02/15/2008,14.02,14.06,13.64,13.92,26452
02/14/2008,13.55,13.87,13.55,13.79,28478
02/13/2008,13.1,13.43,13.06,13.41,11596
02/12/2008,13.09,13.21,12.98,13,12133
02/11/2008,13.25,13.32,13.21,13.26,10113
02/08/2008,12.68,13.28,12.68,13.28,24012
02/07/2008,12.67,12.76,12.62,12.64,7620
02/06/2008,12.48,12.85,12.48,12.75,15188
02/05/2008,12.67,12.74,12.46,12.49,15897
02/04/2008,13.11,13.12,12.82,12.89,0
