Date,Open,High,Low,Close,Volume
06/30/2010,17.7,18.4,16.52,18.03,11863
06/29/2010,17.05,18.07,16.82,17.58,11863
06/28/2010,17.29,18.4,16.95,17.19,24746
06/25/2010,16.9,17.35,16.83,17.29,26187
06/24/2010,16.23,16.86,16.14,16.82,22218
06/23/2010,16.16,16.74,16.1,16.25,27949
06/22/2010,16.03,16.34,15.99,16.21,22277
06/21/2010,15.71,16.31,15.34,16.18,18354
06/18/2010,15.78,15.93,15.27,15.58,24643
06/17/2010,16.2,16.25,15.7,15.79,34035
06/16/2010,16.16,16.38,15.91,16.27,27400
06/15/2010,16.06,16.3,15.87,16.18,60823
06/14/2010,15.85,16.16,15.78,16.05,50953
06/11/2010,15.31,15.95,15.21,15.83,68149
06/10/2010,15.11,15.6,14.96,15.36,70005
06/09/2010,15,15.41,15,15.16,57587
06/08/2010,14.38,15.03,14.31,14.88,67933
06/07/2010,14.55,14.59,14.2,14.33,56102
06/04/2010,14.06,14.74,14,14.52,65756
06/03/2010,14.05,14.34,13.96,13.99,37627
06/02/2010,14.4,14.46,13.82,13.94,58038
06/01/2010,14.19,14.6,14.09,14.4,38915
05/28/2010,14.99,15.04,14.16,14.19,53051
05/27/2010,15.4,15.47,14.81,14.92,39667
05/26/2010,15.32,15.62,15.06,15.36,30963
05/25/2010,15,15.6,14.67,15.25,47881
05/24/2010,15.7,15.75,15.08,15.19,33531
05/21/2010,15,15.71,14.91,15.65,51763
05/20/2010,15.05,15.25,14.75,14.99,39883
05/19/2010,14.6,15.09,14.41,14.93,47023
05/18/2010,13.95,14.83,13.95,14.8,56437
05/17/2010,14.03,14.53,13.81,13.89,34310
05/14/2010,14.67,14.73,13.88,14.13,42969
05/13/2010,14.61,14.82,14.45,14.66,33847
05/12/2010,13.88,14.7,13.77,14.67,51196
05/11/2010,14.15,14.2,13.66,13.91,35942
05/10/2010,14,14.55,13.87,14.18,35534
05/07/2010,13.59,13.98,13,13.75,55714
05/06/2010,14.31,14.36,13.55,13.67,45891
05/05/2010,14.54,14.64,13.84,14.41,52810
05/04/2010,15.1,15.15,14.41,14.51,39323
05/03/2010,15.15,15.28,14.9,14.98,20783
04/30/2010,15.35,15.5,15.1,15.15,32792
04/29/2010,14.88,15.35,14.87,15.29,44111
04/28/2010,15.37,15.47,14.81,14.86,50896
04/27/2010,15.85,15.92,15.25,15.37,58819
04/26/2010,15.96,16.12,15.71,15.85,34600
04/23/2010,16.16,16.45,15.55,15.75,59574
04/22/2010,16.69,16.89,16.1,16.14,44597
04/21/2010,16.66,16.9,16.36,16.69,44293
04/20/2010,17,17.34,16.58,16.6,54913
04/19/2010,16.22,17.27,16.2,17.05,70006
04/16/2010,17.08,17.42,16.12,16.18,81377
04/15/2010,17.69,17.84,16.7,17.08,56651
04/14/2010,17.3,17.85,17.24,17.68,65009
04/13/2010,16.92,17.5,16.87,17.23,46594
04/12/2010,16.74,17.7,16.66,16.85,68007
04/09/2010,16.33,16.79,16.11,16.76,37285
04/08/2010,16.44,16.77,16.2,16.32,41265
04/07/2010,16,16.63,16,16.52,23670
04/06/2010,16.72,16.95,16.12,16.23,26724
04/05/2010,16.9,17.3,16.65,16.72,19297
04/01/2010,16.65,16.98,15.45,16.87,65966
03/31/2010,17.87,17.88,16.4,16.51,37503
03/30/2010,17.55,18.13,17.28,17.77,30401
03/29/2010,16.86,17.43,16.86,17.38,21044
03/26/2010,17.24,17.37,16.32,16.86,28708
03/25/2010,17.62,17.8,16.94,16.97,33727
03/24/2010,16.6,17.66,16.05,17.49,44264
03/23/2010,17.62,17.62,16.35,16.45,47356
03/22/2010,18.3,18.55,17.4,17.62,24470
03/19/2010,18.49,18.91,17.99,18.31,28012
03/18/2010,17.92,18.53,17.87,18.51,34905
03/17/2010,17.85,17.97,17.16,17.87,32337
03/16/2010,18.52,18.7,17.51,17.69,31780
03/15/2010,18.96,19.08,18.45,18.66,17452
03/12/2010,18.69,19.17,18.44,18.87,20417
03/11/2010,18.85,19.28,18.31,18.5,26037
03/10/2010,19.34,19.39,18,18.9,43347
03/09/2010,20.45,20.45,19.25,19.34,33226
03/08/2010,20.89,20.97,20.08,20.42,24734
03/05/2010,20.5,20.87,20.3,20.78,18906
03/04/2010,20.45,20.79,19.92,20.33,22329
03/03/2010,20.97,21.25,20.41,20.45,23162
03/02/2010,20.99,21.01,19.78,20.94,34821
03/01/2010,22.1,22.53,20.74,20.98,26879
02/26/2010,22.15,22.54,21.7,22.08,22035
02/25/2010,22.8,22.8,21.79,22.11,15715
02/24/2010,22.38,22.82,22.07,22.71,17330
02/23/2010,23.03,23.03,22.08,22.24,19985
02/22/2010,24,24.1,22.46,22.55,23696
02/19/2010,23.67,24.04,23.43,23.92,8835
02/18/2010,23.95,24.18,23.2,23.92,14791
02/17/2010,24.66,24.7,23.55,23.75,20574
02/16/2010,24.32,24.8,24.32,24.7,17635
02/12/2010,24.48,24.8,24,24.19,14884
02/11/2010,24.08,24.64,23.86,24.56,18736
02/10/2010,24.22,24.24,23.59,23.96,15628
02/09/2010,24,24.19,23.8,24.17,14624
02/08/2010,23.55,24.25,23.25,23.77,17464
02/05/2010,24.44,24.64,22.67,23.39,31156
02/04/2010,24.8,24.87,24.26,24.41,28068
02/03/2010,24.97,25.03,24.42,24.88,29367
02/02/2010,24.58,25,24.5,24.96,0
