Date,Open,High,Low,Close,Volume
06/28/2013,16.55,16.66,16.02,16.38,6557
06/27/2013,16.9,17.07,16.36,16.47,38077
06/26/2013,17,17.07,16.87,17.01,57888
06/25/2013,17,17.29,16.93,17.07,68714
06/24/2013,16.69,17.05,16.6,17.01,61103
06/21/2013,16.44,16.8,16.39,16.74,71440
06/20/2013,16.88,16.88,16.35,16.38,61075
06/19/2013,16.76,17.08,16.63,16.97,69225
06/18/2013,16.88,16.9,16.65,16.76,73758
06/17/2013,16.8,16.98,16.54,16.93,90244
06/14/2013,16.25,16.8,16.23,16.78,97118
06/13/2013,16.21,16.35,16.17,16.24,93828
06/12/2013,16.28,16.4,16.2,16.21,90679
06/11/2013,16.38,16.44,16.18,16.29,94775
06/10/2013,16.46,16.47,16.35,16.38,74004
06/07/2013,16.53,16.6,16.35,16.43,94557
06/06/2013,16.38,16.52,16.34,16.48,103192
06/05/2013,16.41,16.53,16.34,16.38,63230
06/04/2013,16.43,16.48,16.32,16.38,56274
06/03/2013,16.55,16.66,16.41,16.43,65212
05/31/2013,16.68,16.75,16.52,16.55,73352
05/30/2013,16.69,16.78,16.63,16.65,33196
05/29/2013,16.72,16.82,16.61,16.67,57409
05/28/2013,16.89,17,16.7,16.72,70763
05/24/2013,16.76,16.91,16.73,16.84,40951
05/23/2013,16.62,16.89,16.56,16.76,48676
05/22/2013,16.85,16.97,16.6,16.65,53453
05/21/2013,16.84,16.92,16.7,16.86,62613
05/20/2013,16.9,17,16.8,16.81,30534
05/17/2013,16.83,17,16.82,16.89,33888
05/16/2013,16.94,16.98,16.81,16.83,35351
05/15/2013,17.03,17.11,16.92,16.95,43204
05/14/2013,17.25,17.29,17,17.02,61087
05/13/2013,17.43,17.56,17.23,17.25,41386
05/10/2013,17.5,17.62,17.38,17.43,30390
05/09/2013,17.43,17.64,17.38,17.47,42953
05/08/2013,17.63,17.69,17.44,17.47,37923
05/07/2013,17.79,17.84,17.56,17.64,52057
05/06/2013,17.6,17.9,17.52,17.81,57963
05/03/2013,17.6,17.62,17.44,17.53,50757
05/02/2013,17.33,17.63,17.18,17.6,64623
05/01/2013,17.63,17.68,17.29,17.33,50281
04/30/2013,17.54,17.74,17.49,17.6,65387
04/29/2013,17.42,17.54,17.26,17.45,67974
04/26/2013,17.39,17.48,17.31,17.42,52377
04/25/2013,17.38,17.44,17.25,17.38,52424
04/24/2013,17.67,17.73,17.33,17.37,91941
04/23/2013,17.69,17.83,17.63,17.67,68383
04/22/2013,17.8,17.8,17.61,17.74,49306
04/19/2013,17.6,17.93,17.46,17.88,69898
04/18/2013,17.7,17.86,17.43,17.61,83264
04/17/2013,17.83,17.9,17.7,17.79,63314
04/16/2013,17.55,17.88,17.54,17.87,71374
04/15/2013,17.95,17.95,17.53,17.55,78075
04/12/2013,17.79,17.97,17.74,17.84,84532
04/11/2013,17.89,17.89,17.65,17.79,68705
04/10/2013,17.75,17.91,17.73,17.88,59399
04/09/2013,17.72,17.78,17.59,17.72,43290
04/08/2013,17.75,17.87,17.55,17.69,47802
04/05/2013,17.69,17.74,17.61,17.67,36065
04/04/2013,17.59,17.74,17.59,17.69,41044
04/03/2013,17.69,17.78,17.56,17.58,28252
04/02/2013,17.76,17.77,17.56,17.66,34734
04/01/2013,17.66,17.78,17.64,17.72,22705
03/28/2013,17.91,17.91,17.6,17.7,35559
03/27/2013,17.89,17.91,17.78,17.82,27395
03/26/2013,18,18.02,17.8,17.82,24987
03/25/2013,18.24,18.24,17.96,18,25867
03/22/2013,18.35,18.35,18.17,18.21,22994
03/21/2013,18.42,18.51,18.2,18.27,22294
03/20/2013,18.46,18.51,18.38,18.42,16293
03/19/2013,18.4,18.45,18.33,18.39,23132
03/18/2013,18.71,18.72,18.29,18.33,33765
03/15/2013,18.8,19,18.7,18.85,25139
03/14/2013,18.7,18.84,18.6,18.8,13918
03/13/2013,18.73,18.8,18.59,18.75,16823
03/12/2013,18.8,18.84,18.45,18.75,23442
03/11/2013,18.64,18.86,18.57,18.79,33260
03/08/2013,18.55,18.82,18.5,18.61,49836
03/07/2013,18.09,18.66,18.09,18.63,52039
03/06/2013,18.28,18.28,18.11,18.17,33544
03/05/2013,18.18,18.32,18.15,18.25,18571
03/04/2013,18.02,18.21,18.01,18.15,13217
03/01/2013,18.42,18.49,18,18.02,21241
02/28/2013,18.25,18.63,18.11,18.46,45259
02/27/2013,18.26,18.36,18.18,18.25,18700
02/26/2013,18.21,18.29,18.11,18.26,21175
02/25/2013,18.37,18.58,18.24,18.31,26020
02/22/2013,18.23,18.38,18.12,18.31,21086
02/21/2013,18.15,18.19,17.96,18.07,30456
02/20/2013,17.98,18.3,17.93,18.23,27038
02/19/2013,18.05,18.16,17.93,18.07,26378
02/15/2013,18,18.1,17.84,17.89,33100
02/14/2013,18.42,18.48,17.95,17.97,31018
02/13/2013,18.29,18.48,18.27,18.41,19391
02/12/2013,18.75,18.75,18.25,18.28,18170
02/11/2013,18.53,18.68,18.45,18.66,15702
02/08/2013,18.47,18.52,18.3,18.44,17839
02/07/2013,18.5,18.55,18.38,18.46,18523
02/06/2013,18.96,18.97,18.47,18.49,23057
02/05/2013,19.01,19.13,18.91,18.93,19593
02/04/2013,19.12,19.21,18.97,19,0
