Date,Open,High,Low,Close,Volume
06/30/2011,29.55,30.88,27.97,28.36,8333
06/29/2011,29.25,29.69,28.7,29.28,22314
06/28/2011,27.8,29.4,27.8,29.28,30891
06/27/2011,27.4,27.86,27.02,27.8,35584
06/24/2011,27.65,27.73,27.2,27.54,27371
06/23/2011,27.2,27.65,25.69,27.58,31793
06/22/2011,27.3,27.35,26.93,27.23,29937
06/21/2011,27.5,27.53,26.86,27.49,30707
06/20/2011,26.31,27.58,26.22,27.47,39428
06/17/2011,25.78,26.42,25.72,26.37,48189
06/16/2011,25.01,25.96,24.59,25.92,65054
06/15/2011,25.2,25.51,25.01,25.08,69882
06/14/2011,25.42,25.73,24.91,25.15,64626
06/13/2011,25.62,26.16,25.27,25.59,65799
06/10/2011,24.84,25.7,24.83,25.64,60632
06/09/2011,24.82,25.08,24.52,24.84,55777
06/08/2011,24.27,25.18,24.12,24.95,81988
06/07/2011,23.7,24.49,23.66,24.35,74339
06/06/2011,23.85,24.06,23.51,23.59,49372
06/03/2011,23.62,24.22,23.52,23.95,74111
06/02/2011,22.57,23.73,22.55,23.52,70415
06/01/2011,23.18,23.52,22.35,22.46,55569
05/31/2011,22.99,23.37,22.85,23.18,51991
05/27/2011,22.85,23.16,22.69,22.99,38702
05/26/2011,22.69,22.84,22.18,22.69,40077
05/25/2011,22.08,22.89,21.82,22.64,52759
05/24/2011,21.8,22.37,21.65,21.91,30572
05/23/2011,22.24,22.29,21.32,21.51,38185
05/20/2011,21.85,22.54,21.65,22.41,43463
05/19/2011,22.6,22.69,21.7,21.82,44957
05/18/2011,22,22.95,21.97,22.85,51361
05/17/2011,21.77,22.04,21.1,21.93,54509
05/16/2011,21.45,21.99,21.32,21.77,42461
05/13/2011,21.7,22.1,21.26,21.45,43945
05/12/2011,20.91,21.69,20.61,21.33,41980
05/11/2011,22.07,22.08,20.79,20.94,40057
05/10/2011,21.12,22.25,21.06,21.87,53150
05/09/2011,20.6,21.14,20.57,20.96,31650
05/06/2011,20.75,21.37,20.4,20.47,39330
05/05/2011,21.35,21.38,20.5,20.86,52907
05/04/2011,21.93,22,21.33,21.35,32703
05/03/2011,22,22.43,21.67,22.05,33615
05/02/2011,22.19,22.24,21.45,21.87,29233
04/29/2011,22.48,22.61,21.75,22.25,38234
04/28/2011,22.78,22.87,21.94,22.51,65399
04/27/2011,23.28,23.28,22.61,22.96,57370
04/26/2011,23.37,23.46,22.86,23.24,39014
04/25/2011,23.95,23.96,23.31,23.4,20433
04/21/2011,23.45,23.84,23.01,23.8,42389
04/20/2011,22.79,23.67,22.78,23.53,41297
04/19/2011,22.82,23.2,22.54,22.62,37882
04/18/2011,22.97,23.16,22.4,22.79,46310
04/15/2011,22.96,23.52,22.87,22.97,44061
04/14/2011,23.65,23.86,22.95,23.06,38838
04/13/2011,24.42,24.67,23.51,23.65,50862
04/12/2011,24.65,25.03,23.96,24.37,50230
04/11/2011,24.9,25.18,24.63,24.84,43697
04/08/2011,25.35,25.54,24.66,24.88,59047
04/07/2011,25.03,25.36,24.67,25.27,52212
04/06/2011,25.64,25.77,24.76,24.97,39012
04/05/2011,25.82,25.93,25.51,25.62,23475
04/04/2011,25.47,25.95,25.47,25.93,18005
04/01/2011,25.05,25.56,24.85,25.4,22631
03/31/2011,25.35,25.55,24.64,25.04,24596
03/30/2011,24.93,25.39,24.29,25.23,26641
03/29/2011,25.17,25.52,24.7,24.93,15885
03/28/2011,25.51,25.76,24.7,24.96,16652
03/25/2011,25.31,25.71,24.9,25.62,16689
03/24/2011,24.59,25.62,24.43,25.31,26325
03/23/2011,25.39,25.54,24.55,24.65,17901
03/22/2011,25.3,25.37,24.5,25.25,24699
03/21/2011,25.51,26.01,25.06,25.33,14780
03/18/2011,24.92,25.54,24.73,25.49,12353
03/17/2011,24.07,24.84,23.83,24.6,21993
03/16/2011,23.98,24.45,23.58,23.66,31397
03/15/2011,25.65,25.65,23.37,23.57,34814
03/14/2011,26.33,26.41,25.2,25.6,15904
03/11/2011,26.4,26.67,25.5,26.44,15826
03/10/2011,27.66,27.8,26.26,26.41,19362
03/09/2011,28.11,28.3,27.3,27.77,13331
03/08/2011,27.6,28.39,27.36,28.08,19246
03/07/2011,27.58,27.9,27.29,27.63,14040
03/04/2011,27.92,28.07,26.6,27.45,20815
03/03/2011,27.75,27.99,27.36,27.94,14833
03/02/2011,27.1,28,26.92,27.81,21335
03/01/2011,27.15,27.15,26.39,26.93,16335
02/28/2011,26.71,27.3,26.68,27.26,29465
02/25/2011,25.74,26.78,25.35,26.66,26089
02/24/2011,25.34,25.82,25.01,25.72,16750
02/23/2011,26.4,26.49,25.04,25.34,21074
02/22/2011,26.5,27.06,26.22,26.37,19873
02/18/2011,26.65,26.82,26.05,26.37,16808
02/17/2011,26.88,27.36,26.35,26.74,25147
02/16/2011,26.25,27.36,26.21,27.03,22460
02/15/2011,26.81,26.81,25.8,26.13,19197
02/14/2011,27.02,27.12,25.97,26.71,27928
02/11/2011,27.9,28.08,26.68,27.13,27069
02/10/2011,27.49,28.61,27.47,27.81,40487
02/09/2011,27.4,27.98,26.65,27.46,40009
02/08/2011,28.3,28.45,26.99,27.36,31271
02/07/2011,27.77,28.47,27.76,28.34,21010
02/04/2011,27.33,27.97,26.68,27.69,28374
02/03/2011,29.64,29.75,26.7,27.02,32470
02/02/2011,28.48,29.65,28.47,29.64,0
